# radius 	V_nucl, eV
1.180000000000000052e-05	-6.690253531506555737e+04
1.569999999999999876e-05	-6.690249567892542109e+04
1.959999999999999869e-05	-6.690302356437638809e+04
2.349999999999999862e-05	-6.690253304061487142e+04
2.739999999999999855e-05	-6.690342239430054906e+04
3.139999999999999752e-05	-6.690132692640133610e+04
3.529999999999999745e-05	-6.690058446768450085e+04
3.919999999999999738e-05	-6.689830656664201524e+04
4.309999999999999731e-05	-6.689675286563741975e+04
4.709999999999999967e-05	-6.689624877874214144e+04
5.099999999999999960e-05	-6.689508612945351342e+04
5.489999999999999953e-05	-6.689402829565695720e+04
5.879999999999999946e-05	-6.689262507473978621e+04
6.270000000000000616e-05	-6.689114457868678437e+04
6.669999999999999497e-05	-6.688861970277703949e+04
7.059999999999999490e-05	-6.688814219349017367e+04
7.449999999999999483e-05	-6.688581091224486590e+04
7.839999999999999476e-05	-6.688427228994456527e+04
8.229999999999999469e-05	-6.688295452840489452e+04
8.629999999999999705e-05	-6.687976185557238932e+04
9.019999999999999698e-05	-6.687700790051255899e+04
9.409999999999999691e-05	-6.687358463312548702e+04
9.799999999999999684e-05	-6.687158658214802563e+04
1.019999999999999992e-04	-6.686954766443413973e+04
1.060000000000000016e-04	-6.686444949354596611e+04
1.100000000000000039e-04	-6.686316557644619024e+04
1.140000000000000063e-04	-6.685788905402943783e+04
1.179999999999999951e-04	-6.685599292737827636e+04
1.219999999999999974e-04	-6.685232862150455185e+04
1.250000000000000026e-04	-6.685124394601857057e+04
1.289999999999999914e-04	-6.684518781038536690e+04
1.330000000000000073e-04	-6.683730845406916342e+04
1.369999999999999961e-04	-6.683727368031493097e+04
1.410000000000000120e-04	-6.683312660146658891e+04
1.450000000000000009e-04	-6.682813032093091169e+04
1.489999999999999897e-04	-6.682465503000924946e+04
1.530000000000000056e-04	-6.682000255707684846e+04
1.569999999999999944e-04	-6.681557879631467222e+04
1.610000000000000103e-04	-6.681061847495877009e+04
1.649999999999999991e-04	-6.680802411751783802e+04
1.689999999999999879e-04	-6.680074530952164787e+04
1.730000000000000038e-04	-6.679597585928610351e+04
1.759999999999999954e-04	-6.679294235429989931e+04
1.800000000000000113e-04	-6.678653570447665697e+04
1.840000000000000001e-04	-6.678097545427588921e+04
1.879999999999999890e-04	-6.677543644511057937e+04
1.920000000000000049e-04	-6.676977978952181002e+04
1.959999999999999937e-04	-6.676382069737259008e+04
2.000000000000000096e-04	-6.675730385356942134e+04
2.039999999999999984e-04	-6.675057400497062190e+04
2.079999999999999872e-04	-6.674585495622386225e+04
2.120000000000000031e-04	-6.673946298163606843e+04
2.159999999999999919e-04	-6.673310045203656773e+04
2.200000000000000078e-04	-6.672684503542109451e+04
2.239999999999999966e-04	-6.671961503713305865e+04
2.269999999999999882e-04	-6.671460581206971256e+04
2.310000000000000042e-04	-6.670757483772517298e+04
2.349999999999999930e-04	-6.669742975434815162e+04
2.429999999999999977e-04	-6.668396895656861307e+04
2.509999999999999753e-04	-6.667296916041757504e+04
2.590000000000000071e-04	-6.665947037656056636e+04
2.669999999999999847e-04	-6.664573620302054042e+04
2.739999999999999923e-04	-6.663403289426286938e+04
2.820000000000000241e-04	-6.662682360011152923e+04
2.900000000000000017e-04	-6.661289499695338600e+04
2.979999999999999793e-04	-6.659510927578699193e+04
3.060000000000000111e-04	-6.658144930933511932e+04
3.139999999999999888e-04	-6.656772051218659908e+04
3.220000000000000206e-04	-6.655525300233402231e+04
3.289999999999999739e-04	-6.654394318232113437e+04
3.370000000000000057e-04	-6.653049744346749503e+04
3.449999999999999833e-04	-6.651667192034616892e+04
3.530000000000000152e-04	-6.650520448665659933e+04
3.609999999999999928e-04	-6.649053345171146793e+04
3.690000000000000246e-04	-6.647783247428417963e+04
3.759999999999999779e-04	-6.646516990011786402e+04
3.840000000000000097e-04	-6.645135854648366512e+04
3.919999999999999873e-04	-6.643828518345713383e+04
4.000000000000000192e-04	-6.642426934364120825e+04
4.079999999999999968e-04	-6.640854278462317598e+04
4.159999999999999744e-04	-6.639284893497658777e+04
4.229999999999999819e-04	-6.637933262494069641e+04
4.310000000000000137e-04	-6.636879968311240373e+04
4.389999999999999914e-04	-6.635419065294135362e+04
4.470000000000000232e-04	-6.633966500949069450e+04
4.550000000000000008e-04	-6.632502494631049922e+04
4.629999999999999784e-04	-6.631003260142140789e+04
4.710000000000000102e-04	-6.629492333153940854e+04
4.780000000000000178e-04	-6.628124921124585671e+04
4.859999999999999954e-04	-6.626596958062729391e+04
4.939999999999999730e-04	-6.624917718976036122e+04
5.019999999999999506e-04	-6.623493281815911178e+04
5.100000000000000366e-04	-6.621902851350027777e+04
5.180000000000000143e-04	-6.620242100884212414e+04
5.249999999999999676e-04	-6.618677442959343898e+04
5.330000000000000536e-04	-6.617222466010703647e+04
5.410000000000000312e-04	-6.615555473091296153e+04
5.490000000000000088e-04	-6.613910570087346423e+04
5.569999999999999864e-04	-6.612113526174664730e+04
5.649999999999999641e-04	-6.610489112425652274e+04
5.720000000000000258e-04	-6.608982136945358070e+04
5.800000000000000034e-04	-6.607237386371924367e+04
5.879999999999999810e-04	-6.605339297119002731e+04
5.959999999999999586e-04	-6.603546505379144219e+04
6.040000000000000447e-04	-6.601918144415554707e+04
6.120000000000000223e-04	-6.600088000151350570e+04
6.199999999999999999e-04	-6.598224885019025533e+04
6.269999999999999532e-04	-6.596787314595098724e+04
6.350000000000000392e-04	-6.594898228918618406e+04
6.430000000000000169e-04	-6.592938840888935374e+04
6.509999999999999945e-04	-6.591050258986052359e+04
6.589999999999999721e-04	-6.589104730887555343e+04
6.669999999999999497e-04	-6.587159575159297674e+04
6.740000000000000114e-04	-6.585447488048351079e+04
6.819999999999999890e-04	-6.583495128457722603e+04
6.899999999999999667e-04	-6.581451682019598957e+04
6.980000000000000527e-04	-6.579424422548466828e+04
7.060000000000000303e-04	-6.577447243190587324e+04
7.219999999999999855e-04	-6.573414055554279184e+04
7.370000000000000249e-04	-6.569679262517399911e+04
7.529999999999999801e-04	-6.565748637756779499e+04
7.690000000000000438e-04	-6.561821667938833707e+04
7.839999999999999747e-04	-6.558192152153063216e+04
8.000000000000000383e-04	-6.554292051417694893e+04
8.159999999999999936e-04	-6.550510095395093958e+04
8.310000000000000329e-04	-6.546977475431279163e+04
8.469999999999999881e-04	-6.543326839270682831e+04
8.630000000000000518e-04	-6.539406725138893671e+04
8.779999999999999827e-04	-6.535649573536112439e+04
8.940000000000000464e-04	-6.532138825594143418e+04
9.100000000000000016e-04	-6.528717576362177351e+04
9.250000000000000409e-04	-6.525016281358700508e+04
9.409999999999999962e-04	-6.521262368232898007e+04
9.569999999999999514e-04	-6.517603620079836401e+04
9.719999999999999907e-04	-6.513991830658105027e+04
9.879999999999999460e-04	-6.510493280277343001e+04
1.000000000000000021e-03	-6.507505771099495178e+04
1.020000000000000073e-03	-6.502927113796934282e+04
1.039999999999999909e-03	-6.498090501490233873e+04
1.049999999999999935e-03	-6.495991971429902333e+04
1.069999999999999988e-03	-6.491334677316810848e+04
1.080000000000000014e-03	-6.488984499220977887e+04
1.100000000000000066e-03	-6.484264815249097592e+04
1.110000000000000092e-03	-6.481921666578531585e+04
1.129999999999999928e-03	-6.477218858496321627e+04
1.139999999999999954e-03	-6.474821053270142147e+04
1.160000000000000007e-03	-6.469969583152529958e+04
1.180000000000000059e-03	-6.465167310654866742e+04
1.190000000000000085e-03	-6.462837898782383854e+04
1.209999999999999921e-03	-6.458046618634162587e+04
1.219999999999999947e-03	-6.455564459201037243e+04
1.240000000000000000e-03	-6.450747562099812785e+04
1.250000000000000026e-03	-6.448232557000594534e+04
1.270000000000000078e-03	-6.443218106626124063e+04
1.289999999999999914e-03	-6.438420675618627138e+04
1.299999999999999940e-03	-6.435932240515082958e+04
1.319999999999999993e-03	-6.431003503489231662e+04
1.330000000000000019e-03	-6.428517600048257009e+04
1.350000000000000071e-03	-6.423421330624933034e+04
1.360000000000000098e-03	-6.420896075710306468e+04
1.379999999999999933e-03	-6.415748626041769603e+04
1.399999999999999986e-03	-6.410545263163166237e+04
1.410000000000000012e-03	-6.408066887268592836e+04
1.430000000000000064e-03	-6.402950590758907492e+04
1.440000000000000091e-03	-6.400293397413336788e+04
1.459999999999999926e-03	-6.395024341422091675e+04
1.469999999999999953e-03	-6.392415325728658354e+04
1.490000000000000005e-03	-6.387111966507103352e+04
1.510000000000000057e-03	-6.381797871481756738e+04
1.520000000000000084e-03	-6.379109391940452770e+04
1.539999999999999919e-03	-6.373788873188385332e+04
1.549999999999999946e-03	-6.371003148790427076e+04
1.569999999999999998e-03	-6.365550595177014475e+04
1.580000000000000024e-03	-6.362836545885136729e+04
1.600000000000000077e-03	-6.357270448141707311e+04
1.619999999999999912e-03	-6.351733539522124192e+04
1.629999999999999939e-03	-6.348925095877455897e+04
1.649999999999999991e-03	-6.343310548004570592e+04
1.680000000000000070e-03	-6.334978084688807576e+04
1.709999999999999932e-03	-6.326734494252022705e+04
1.740000000000000010e-03	-6.318331408092276979e+04
1.770000000000000089e-03	-6.310358669481737161e+04
1.799999999999999951e-03	-6.302326145912923675e+04
1.840000000000000056e-03	-6.291543833151753643e+04
1.869999999999999917e-03	-6.283862914412230748e+04
1.899999999999999996e-03	-6.276043037964687392e+04
1.930000000000000075e-03	-6.268224786577679333e+04
1.959999999999999937e-03	-6.260585111265785235e+04
1.990000000000000015e-03	-6.252707462291661795e+04
2.020000000000000094e-03	-6.245077146799380716e+04
2.050000000000000173e-03	-6.237602487656007725e+04
2.089999999999999844e-03	-6.227876030695964437e+04
2.119999999999999923e-03	-6.219941808609009604e+04
2.150000000000000001e-03	-6.212473346022480837e+04
2.180000000000000080e-03	-6.204936219311751483e+04
2.210000000000000159e-03	-6.197475551671281573e+04
2.239999999999999804e-03	-6.190057421303295996e+04
2.269999999999999882e-03	-6.182477767323416629e+04
2.309999999999999987e-03	-6.172891199139018863e+04
2.340000000000000066e-03	-6.165342079936327355e+04
2.370000000000000145e-03	-6.158307317491468712e+04
2.399999999999999790e-03	-6.150373152278560883e+04
2.429999999999999868e-03	-6.142977263419511291e+04
2.459999999999999947e-03	-6.135549484030613530e+04
2.490000000000000026e-03	-6.128172679533659539e+04
2.530000000000000131e-03	-6.118170640360988182e+04
2.560000000000000209e-03	-6.110758706328828703e+04
2.589999999999999854e-03	-6.103347375054095028e+04
2.619999999999999933e-03	-6.095956451512687636e+04
2.650000000000000012e-03	-6.088403477466155891e+04
2.680000000000000090e-03	-6.080935394403629471e+04
2.710000000000000169e-03	-6.073432348694653047e+04
2.739999999999999814e-03	-6.065868376727118448e+04
2.779999999999999919e-03	-6.055860715510466980e+04
2.809999999999999998e-03	-6.048312085703399498e+04
2.840000000000000076e-03	-6.040764544555854809e+04
2.870000000000000155e-03	-6.033259919873878971e+04
2.899999999999999800e-03	-6.025650287456374645e+04
2.929999999999999879e-03	-6.018032374213725416e+04
2.959999999999999958e-03	-6.010415219479666848e+04
3.000000000000000062e-03	-6.000178075340820942e+04
3.030000000000000141e-03	-5.992512948739522108e+04
3.059999999999999786e-03	-5.984835537815371936e+04
3.089999999999999865e-03	-5.977140848468500917e+04
3.119999999999999944e-03	-5.969382938137107703e+04
3.150000000000000022e-03	-5.961558237964224827e+04
3.180000000000000101e-03	-5.953735415673651733e+04
3.220000000000000206e-03	-5.943321858337157755e+04
3.249999999999999851e-03	-5.935481241544629302e+04
3.279999999999999930e-03	-5.927641747746702458e+04
3.310000000000000008e-03	-5.919697122415021295e+04
3.340000000000000087e-03	-5.911770592076808680e+04
3.370000000000000166e-03	-5.903782876174258126e+04
3.399999999999999811e-03	-5.895794219908452214e+04
3.429999999999999889e-03	-5.887744682564876712e+04
3.469999999999999994e-03	-5.877033175350473903e+04
3.500000000000000073e-03	-5.868928040172699548e+04
3.530000000000000152e-03	-5.860859240164284711e+04
3.589999999999999875e-03	-5.844684160657152825e+04
3.650000000000000033e-03	-5.828746874418543302e+04
3.720000000000000216e-03	-5.810692347410844377e+04
3.779999999999999940e-03	-5.794885997121355467e+04
3.840000000000000097e-03	-5.779516025466695282e+04
3.910000000000000281e-03	-5.761724699432283523e+04
3.969999999999999571e-03	-5.746784173812445079e+04
4.029999999999999728e-03	-5.731877859298059775e+04
4.089999999999999886e-03	-5.717113935352035332e+04
4.159999999999999636e-03	-5.700014033368016680e+04
4.219999999999999793e-03	-5.685489637051276804e+04
4.279999999999999950e-03	-5.671085665370799688e+04
4.340000000000000108e-03	-5.656649464851425728e+04
4.409999999999999858e-03	-5.640101037456191989e+04
4.470000000000000015e-03	-5.625751966027783055e+04
4.530000000000000172e-03	-5.611909986197788385e+04
4.599999999999999922e-03	-5.595475015950267698e+04
4.660000000000000080e-03	-5.581610269352151954e+04
4.720000000000000237e-03	-5.567755432864822069e+04
4.780000000000000394e-03	-5.553879343142816651e+04
4.850000000000000144e-03	-5.537789361352656852e+04
4.910000000000000302e-03	-5.524115544771590066e+04
4.969999999999999592e-03	-5.510410096776856517e+04
5.029999999999999749e-03	-5.496699450350140978e+04
5.100000000000000366e-03	-5.480950807440384233e+04
5.159999999999999656e-03	-5.467298179179886938e+04
5.219999999999999814e-03	-5.453702839940987906e+04
5.290000000000000431e-03	-5.437948146027343319e+04
5.349999999999999721e-03	-5.424325117717766261e+04
5.409999999999999878e-03	-5.410978070718401432e+04
5.470000000000000036e-03	-5.397479760665276262e+04
5.539999999999999786e-03	-5.381801293187091505e+04
5.599999999999999943e-03	-5.368279214005790709e+04
5.660000000000000100e-03	-5.355178177098481683e+04
5.720000000000000258e-03	-5.341386881247868587e+04
5.790000000000000008e-03	-5.325810980864746671e+04
5.850000000000000165e-03	-5.312418694794279872e+04
5.910000000000000323e-03	-5.299008771068300848e+04
5.980000000000000072e-03	-5.283370105379264714e+04
6.040000000000000230e-03	-5.269966716421637102e+04
6.100000000000000387e-03	-5.255883552941471135e+04
6.159999999999999677e-03	-5.243129414877330419e+04
6.230000000000000294e-03	-5.227458798006011057e+04
6.289999999999999584e-03	-5.213988198005939921e+04
6.349999999999999742e-03	-5.200014328585995827e+04
6.420000000000000359e-03	-5.184864028194086859e+04
6.479999999999999649e-03	-5.171495948325897189e+04
6.539999999999999807e-03	-5.158032699462608434e+04
6.599999999999999964e-03	-5.144559163952557719e+04
6.669999999999999714e-03	-5.129166234452004574e+04
6.729999999999999871e-03	-5.115448774858088291e+04
6.790000000000000029e-03	-5.101819678707359708e+04
6.850000000000000186e-03	-5.088254801908563240e+04
6.919999999999999936e-03	-5.072489534332974290e+04
6.980000000000000093e-03	-5.058915160841011675e+04
7.040000000000000251e-03	-5.045351865027968597e+04
7.110000000000000001e-03	-5.029482520162953733e+04
7.170000000000000158e-03	-5.015914053333952324e+04
7.230000000000000315e-03	-5.002262745354564686e+04
7.289999999999999605e-03	-4.988715014724133653e+04
7.420000000000000380e-03	-4.959235709104724810e+04
7.539999999999999827e-03	-4.932538282860152685e+04
7.669999999999999735e-03	-4.904008967468242190e+04
7.799999999999999642e-03	-4.875931904707241483e+04
7.919999999999999957e-03	-4.850362639717716229e+04
8.049999999999999864e-03	-4.823004826719107950e+04
8.170000000000000179e-03	-4.798050494771416561e+04
8.300000000000000086e-03	-4.771349097937552870e+04
8.420000000000000401e-03	-4.746954941972181405e+04
8.550000000000000308e-03	-4.720855864152667345e+04
8.670000000000000623e-03	-4.696938220745498256e+04
8.800000000000000530e-03	-4.671290470163606369e+04
8.920000000000000845e-03	-4.648206987202996970e+04
9.050000000000000752e-03	-4.622745001969685109e+04
9.180000000000000659e-03	-4.597851915158591146e+04
9.299999999999999239e-03	-4.575049794261311763e+04
9.429999999999999147e-03	-4.550894928097343654e+04
9.549999999999999462e-03	-4.528093774913321977e+04
9.679999999999999369e-03	-4.503977995776285388e+04
9.799999999999999684e-03	-4.481816850311472081e+04
9.929999999999999591e-03	-4.458054567202880571e+04
1.009999999999999960e-02	-4.427250290595539991e+04
1.020000000000000073e-02	-4.409277617820373416e+04
1.030000000000000013e-02	-4.391334781638743880e+04
1.039999999999999952e-02	-4.373360127600230044e+04
1.060000000000000005e-02	-4.337906537815607589e+04
1.069999999999999944e-02	-4.320276952006234933e+04
1.080000000000000057e-02	-4.302763536608212598e+04
1.089999999999999997e-02	-4.285224962499283720e+04
1.110000000000000049e-02	-4.250402016610245482e+04
1.119999999999999989e-02	-4.233165008492120251e+04
1.129999999999999928e-02	-4.215912591619013256e+04
1.140000000000000041e-02	-4.198672615467658761e+04
1.159999999999999920e-02	-4.164459662139961438e+04
1.170000000000000033e-02	-4.147500120233016787e+04
1.179999999999999973e-02	-4.130519890551684512e+04
1.190000000000000085e-02	-4.113551322332914424e+04
1.209999999999999964e-02	-4.079859416258431884e+04
1.220000000000000077e-02	-4.063120100424285920e+04
1.230000000000000017e-02	-4.046382242966972262e+04
1.239999999999999956e-02	-4.029647542549678474e+04
1.260000000000000009e-02	-3.996357840855263203e+04
1.269999999999999948e-02	-3.979882318124922313e+04
1.280000000000000061e-02	-3.963348726701106352e+04
1.290000000000000001e-02	-3.946803943868737406e+04
1.310000000000000053e-02	-3.913933625461030897e+04
1.319999999999999993e-02	-3.897615638174191554e+04
1.329999999999999932e-02	-3.881258961557532166e+04
1.340000000000000045e-02	-3.864896751736030274e+04
1.359999999999999924e-02	-3.832374873914207274e+04
1.370000000000000037e-02	-3.816206527357549203e+04
1.379999999999999977e-02	-3.800028225405613193e+04
1.389999999999999916e-02	-3.783822975201603549e+04
1.409999999999999969e-02	-3.751604102079643053e+04
1.420000000000000082e-02	-3.735593078446469008e+04
1.430000000000000021e-02	-3.719556616246335761e+04
1.439999999999999961e-02	-3.703500113406760647e+04
1.460000000000000013e-02	-3.671561188563460018e+04
1.469999999999999953e-02	-3.655674765712463704e+04
1.480000000000000066e-02	-3.639787203604121169e+04
1.510000000000000057e-02	-3.592617300656249427e+04
1.529999999999999936e-02	-3.561806243541013828e+04
1.559999999999999928e-02	-3.516318841695038282e+04
1.580000000000000154e-02	-3.486533289231867820e+04
1.609999999999999973e-02	-3.442604175676067825e+04
1.629999999999999852e-02	-3.413793013641452853e+04
1.660000000000000017e-02	-3.371259543159914756e+04
1.679999999999999896e-02	-3.343341888032149291e+04
1.710000000000000062e-02	-3.302096406711386953e+04
1.729999999999999941e-02	-3.275002264688364812e+04
1.760000000000000106e-02	-3.234934958201400877e+04
1.779999999999999985e-02	-3.208601493218001633e+04
1.810000000000000150e-02	-3.169630629868573305e+04
1.830000000000000029e-02	-3.144001230534799470e+04
1.859999999999999848e-02	-3.106050280686712358e+04
1.880000000000000074e-02	-3.081070543324234313e+04
1.909999999999999892e-02	-3.044068562978303817e+04
1.930000000000000118e-02	-3.019705121381185018e+04
1.959999999999999937e-02	-2.983591024143701725e+04
1.980000000000000163e-02	-2.959787763762806935e+04
2.009999999999999981e-02	-2.924517398384321496e+04
2.029999999999999860e-02	-2.901263388623599531e+04
2.060000000000000026e-02	-2.866763762755542484e+04
2.079999999999999905e-02	-2.844016233330720934e+04
2.110000000000000070e-02	-2.810253701620079300e+04
2.129999999999999949e-02	-2.787985399594042610e+04
2.160000000000000114e-02	-2.754921099581330418e+04
2.179999999999999993e-02	-2.733100774242891566e+04
2.210000000000000159e-02	-2.700693690098228763e+04
2.239999999999999977e-02	-2.668748368028601544e+04
2.259999999999999856e-02	-2.647656174276550519e+04
2.290000000000000022e-02	-2.616316141124470960e+04
2.309999999999999901e-02	-2.595618374429156029e+04
2.340000000000000066e-02	-2.564852750328725597e+04
2.359999999999999945e-02	-2.544530128781265739e+04
2.390000000000000110e-02	-2.514313756018049025e+04
2.409999999999999989e-02	-2.494346596866411346e+04
2.440000000000000155e-02	-2.464656845332674129e+04
2.460000000000000034e-02	-2.445035597656043683e+04
2.489999999999999852e-02	-2.415851379656373319e+04
2.510000000000000078e-02	-2.396558074177133676e+04
2.539999999999999897e-02	-2.367861798556529902e+04
2.560000000000000123e-02	-2.348887236849552210e+04
2.589999999999999941e-02	-2.320657393749921903e+04
2.610000000000000167e-02	-2.301989351351073128e+04
2.639999999999999986e-02	-2.274211250419525095e+04
2.659999999999999865e-02	-2.255839894217683104e+04
2.690000000000000030e-02	-2.228497644111708723e+04
2.709999999999999909e-02	-2.210411124608211685e+04
2.740000000000000074e-02	-2.183490018899611096e+04
2.759999999999999953e-02	-2.165680928986724757e+04
2.790000000000000119e-02	-2.139168200841020371e+04
2.809999999999999998e-02	-2.121626418779067171e+04
2.840000000000000163e-02	-2.095510142269959033e+04
2.860000000000000042e-02	-2.078228964616399753e+04
2.889999999999999861e-02	-2.052498797626538362e+04
2.910000000000000087e-02	-2.035469713191674600e+04
2.939999999999999905e-02	-2.010114561465248335e+04
2.960000000000000131e-02	-1.993332881103558611e+04
2.989999999999999949e-02	-1.968341163586709445e+04
3.039999999999999994e-02	-1.927391214610463430e+04
3.090000000000000038e-02	-1.887387974768592539e+04
3.139999999999999736e-02	-1.848293389680344262e+04
3.189999999999999780e-02	-1.810071629979749559e+04
3.239999999999999825e-02	-1.772688036335065044e+04
3.289999999999999869e-02	-1.736110955821645985e+04
3.339999999999999913e-02	-1.700309487078917664e+04
3.389999999999999958e-02	-1.665255506921655615e+04
3.440000000000000002e-02	-1.630922239802568583e+04
3.490000000000000047e-02	-1.597283174586851237e+04
3.540000000000000091e-02	-1.564314848981816067e+04
3.590000000000000135e-02	-1.531994459075595478e+04
3.640000000000000180e-02	-1.500299545540448162e+04
3.690000000000000224e-02	-1.469209020587589293e+04
3.740000000000000269e-02	-1.438702884270077448e+04
3.790000000000000313e-02	-1.408762036510045073e+04
3.839999999999999664e-02	-1.379369385289889215e+04
3.889999999999999708e-02	-1.350509241299965106e+04
3.939999999999999752e-02	-1.322164030365395229e+04
3.989999999999999797e-02	-1.294318012078468928e+04
4.039999999999999841e-02	-1.266956826105012078e+04
4.089999999999999886e-02	-1.240067028197361287e+04
4.139999999999999930e-02	-1.213635006649957177e+04
4.189999999999999974e-02	-1.187648167857139742e+04
4.240000000000000019e-02	-1.162094184926543676e+04
4.290000000000000063e-02	-1.136960516373519749e+04
4.340000000000000108e-02	-1.112235988610324239e+04
4.390000000000000152e-02	-1.087909796398980689e+04
4.440000000000000197e-02	-1.063971091014808007e+04
4.490000000000000241e-02	-1.040409456563127969e+04
4.540000000000000285e-02	-1.017215389834453345e+04
4.590000000000000330e-02	-9.943793468703799590e+03
4.639999999999999680e-02	-9.718919741625502866e+03
4.689999999999999725e-02	-9.497447507324519393e+03
4.739999999999999769e-02	-9.279291623697095929e+03
4.789999999999999813e-02	-9.064369738503555709e+03
4.850000000000000144e-02	-8.810767575022828169e+03
4.900000000000000189e-02	-8.602933252424569218e+03
4.950000000000000233e-02	-8.398074661053560703e+03
5.000000000000000278e-02	-8.196125436825092038e+03
5.050000000000000322e-02	-7.997015851749742069e+03
5.099999999999999672e-02	-7.800679636414352899e+03
5.149999999999999717e-02	-7.607052627890496296e+03
5.199999999999999761e-02	-7.416072808212435120e+03
5.249999999999999806e-02	-7.227680368048586388e+03
5.299999999999999850e-02	-7.041816070882554413e+03
5.349999999999999895e-02	-6.858422714963953695e+03
5.399999999999999939e-02	-6.677445543771875236e+03
5.449999999999999983e-02	-6.498832204751928657e+03
5.500000000000000028e-02	-6.322526020963799056e+03
5.550000000000000072e-02	-6.148482010880116832e+03
5.600000000000000117e-02	-5.976649818036369652e+03
5.650000000000000161e-02	-5.806979444946592594e+03
5.700000000000000205e-02	-5.639428772712277350e+03
5.750000000000000250e-02	-5.473948648767703162e+03
5.800000000000000294e-02	-5.310495849457025543e+03
5.850000000000000339e-02	-5.149027358466426449e+03
5.899999999999999689e-02	-4.989502341507241908e+03
5.949999999999999734e-02	-4.831879704478267740e+03
5.999999999999999778e-02	-4.676120237155683753e+03
6.099999999999999867e-02	-4.370748423263509721e+03
6.199999999999999956e-02	-4.073792297028207031e+03
6.300000000000000044e-02	-3.784877164322634599e+03
6.400000000000000133e-02	-3.503650789065678509e+03
6.500000000000000222e-02	-3.229780099376468115e+03
6.600000000000000311e-02	-2.962951466845383948e+03
6.700000000000000400e-02	-2.702868304993703532e+03
6.800000000000000488e-02	-2.449249939237983199e+03
6.900000000000000577e-02	-2.201830862119376889e+03
7.000000000000000666e-02	-1.960358908246282681e+03
7.099999999999999367e-02	-1.724595832769890649e+03
7.199999999999999456e-02	-1.494315464824133414e+03
7.299999999999999545e-02	-1.269303222755788966e+03
7.399999999999999634e-02	-1.049352595771985534e+03
7.510000000000000009e-02	-8.130749580570692387e+02
7.610000000000000098e-02	-6.032356712707238557e+02
7.710000000000000187e-02	-3.978865272036145484e+02
7.810000000000000275e-02	-1.968607698138848718e+02
7.910000000000000364e-02	-0.000000000000000000e+00
8.010000000000000453e-02	1.927731962774622616e+02
