# Chain:	[5641.2, 4870.0, 4218.4, 3603.06, 2841.2, 2640.63, 2510.15, 2338.06, 1170.4, 690.146, 41.5575]
# Electron_projectile_energy, keV	cross_section, cm^2
1.000000000000000000e+00	0.000000000000000000e+00
7.637185929648241256e+01	0.000000000000000000e+00
1.517437185929648251e+02	0.000000000000000000e+00
2.271155778894472519e+02	0.000000000000000000e+00
3.024874371859296502e+02	0.000000000000000000e+00
3.778592964824120486e+02	0.000000000000000000e+00
4.532311557788945038e+02	0.000000000000000000e+00
5.286030150753769021e+02	0.000000000000000000e+00
6.039748743718593005e+02	0.000000000000000000e+00
6.793467336683416988e+02	0.000000000000000000e+00
7.547185929648240972e+02	0.000000000000000000e+00
8.300904522613064955e+02	0.000000000000000000e+00
9.054623115577890076e+02	0.000000000000000000e+00
9.808341708542714059e+02	0.000000000000000000e+00
1.056206030150753804e+03	0.000000000000000000e+00
1.131577889447236203e+03	0.000000000000000000e+00
1.206949748743718601e+03	4.786374740558619731e-26
1.282321608040200999e+03	3.411422544318696280e-27
1.357693467336683398e+03	1.002787827167145304e-26
1.433065326633165796e+03	2.956994421383924811e-32
1.508437185929648194e+03	8.317603850721958200e-30
1.583809045226130593e+03	7.237688395528356023e-26
1.659180904522612991e+03	1.407619764995964301e-28
1.734552763819095389e+03	1.916971222507604674e-29
1.809924623115578015e+03	3.634052314767124570e-28
1.885296482412060413e+03	4.545697582754001101e-29
1.960668341708542812e+03	4.982637810682507205e-31
2.036040201005025210e+03	6.926770928026515680e-31
2.111412060301507609e+03	5.997643024779877972e-30
2.186783919597990007e+03	4.504372495514988809e-29
2.262155778894472405e+03	4.132869206259613378e-30
2.337527638190954804e+03	8.474942543404463652e-30
2.412899497487437202e+03	7.922328070270524016e-31
2.488271356783919600e+03	1.083914372652918565e-29
2.563643216080401999e+03	5.507858857251339220e-31
2.639015075376884397e+03	8.994064610834627053e-32
2.714386934673366795e+03	4.897533847474984496e-32
2.789758793969849194e+03	9.218171112734326604e-32
2.865130653266331592e+03	2.698946752990790830e-32
2.940502512562813990e+03	2.901949995327951506e-32
3.015874371859296389e+03	1.303487174209137318e-31
3.091246231155778787e+03	2.521697599173464744e-30
3.166618090452261185e+03	6.675285061058919234e-31
3.241989949748743584e+03	6.443964603794664178e-32
3.317361809045225982e+03	3.057108009725182975e-32
3.392733668341708380e+03	2.756621688209403380e-32
3.468105527638190779e+03	3.050177845063657667e-32
3.543477386934673177e+03	4.763014469875540353e-32
3.618849246231156030e+03	7.225996602209047432e-32
3.694221105527638429e+03	1.840082577998571277e-31
3.769592964824120827e+03	3.360139573111886361e-29
3.844964824120603225e+03	2.726177878032762946e-31
3.920336683417085624e+03	6.674738003452387044e-32
3.995708542713568022e+03	3.125229648413290685e-32
4.071080402010050420e+03	1.908245322641752507e-32
4.146452261306532819e+03	8.629710934902910046e-33
4.221824120603015217e+03	1.738037409234406728e-32
4.297195979899497615e+03	1.284665610221005589e-32
4.372567839195980014e+03	1.177865107700840706e-32
4.447939698492462412e+03	1.705523819087123740e-32
4.523311557788944810e+03	1.257862178236292003e-32
4.598683417085427209e+03	4.409913836616323025e-32
4.674055276381909607e+03	3.363572504197204374e-31
4.749427135678392006e+03	9.950515194149502592e-30
4.824798994974874404e+03	2.959915296262759116e-31
4.900170854271356802e+03	4.246520407791786555e-32
4.975542713567839201e+03	1.484357227800474001e-32
5.050914572864321599e+03	7.111358776227473106e-33
5.126286432160803997e+03	3.865737756801142122e-33
5.201658291457286396e+03	2.620928108032577415e-33
5.277030150753768794e+03	1.602759809186114584e-33
5.352402010050251192e+03	1.035212138178383568e-33
5.427773869346733591e+03	7.626691714552649663e-34
5.503145728643215989e+03	5.714001143818390637e-34
5.578517587939698387e+03	4.595453158428713337e-34
5.653889447236180786e+03	3.472128669819607421e-34
5.729261306532663184e+03	2.379014190529748453e-34
5.804633165829145582e+03	1.985994966298086223e-34
5.880005025125627981e+03	1.785716943757515649e-34
5.955376884422110379e+03	1.550296505660182242e-34
6.030748743718592777e+03	8.431415254990331538e-35
6.106120603015075176e+03	9.440789151897296383e-35
6.181492462311557574e+03	8.450590952263362770e-35
6.256864321608039972e+03	4.856745994850360080e-35
6.332236180904522371e+03	4.737229754976994836e-35
6.407608040201004769e+03	3.748112982287294563e-35
6.482979899497487168e+03	3.169914828692476664e-35
6.558351758793969566e+03	3.854607834718359342e-35
6.633723618090451964e+03	2.647667008476111643e-35
6.709095477386934363e+03	1.769920620431577009e-35
6.784467336683416761e+03	2.402053086450384031e-35
6.859839195979899159e+03	1.781792217873111981e-35
6.935211055276381558e+03	1.810738897142015716e-35
7.010582914572863956e+03	1.252157596175656563e-35
7.085954773869346354e+03	1.151296362645605911e-35
7.161326633165828753e+03	9.935354852246192785e-36
7.236698492462312061e+03	7.654415869090398510e-36
7.312070351758794459e+03	9.306647920175854686e-36
7.387442211055276857e+03	6.294237426663303597e-36
7.462814070351759256e+03	6.117420904777502382e-36
7.538185929648241654e+03	4.268511785646213586e-36
7.613557788944724052e+03	2.775413810677755541e-36
7.688929648241206451e+03	3.238363658697197663e-36
7.764301507537688849e+03	2.391055700515199770e-36
7.839673366834171247e+03	4.770213193567406704e-36
7.915045226130653646e+03	2.354376510658742330e-36
7.990417085427136044e+03	1.997862084087991878e-36
8.065788944723618442e+03	2.282143253064897951e-36
8.141160804020100841e+03	2.657790139359814715e-36
8.216532663316582330e+03	2.407105595255303597e-36
8.291904522613065637e+03	2.378404840450806843e-36
8.367276381909547126e+03	1.262701842681256314e-36
8.442648241206030434e+03	9.085605702167280781e-37
8.518020100502511923e+03	1.448125466039092941e-36
8.593391959798995231e+03	1.555809002298362191e-36
8.668763819095476720e+03	9.807958172192085737e-37
8.744135678391960028e+03	1.159650352225363679e-36
8.819507537688441516e+03	8.033785894758988299e-37
8.894879396984924824e+03	8.611101383109591232e-37
8.970251256281406313e+03	7.893881780072976263e-37
9.045623115577889621e+03	1.066328107658463761e-36
9.120994974874371110e+03	5.213518373720201057e-37
9.196366834170854418e+03	5.086179945042040288e-37
9.271738693467335906e+03	3.803788952917896679e-37
9.347110552763819214e+03	5.768365708934031248e-37
9.422482412060300703e+03	5.974979522931777930e-37
9.497854271356784011e+03	7.370075986923299364e-37
9.573226130653265500e+03	3.946915818519685328e-37
9.648597989949748808e+03	3.666636105354745717e-37
9.723969849246232116e+03	3.862001977187302011e-37
9.799341708542713604e+03	1.806824750717506858e-37
9.874713567839196912e+03	1.369774603948556478e-37
9.950085427135678401e+03	3.890446492123801345e-37
1.002545728643216171e+04	1.998267290037832683e-37
1.010082914572864320e+04	3.381192702368001013e-37
1.017620100502512651e+04	3.320569454128655269e-37
1.025157286432160799e+04	2.062429004484484349e-37
1.032694472361809130e+04	1.556933153795068538e-37
1.040231658291457279e+04	2.227467094092317803e-37
1.047768844221105610e+04	2.666332442678946815e-37
1.055306030150753759e+04	2.432064640357245859e-37
1.062843216080402090e+04	1.491583194432519191e-37
1.070380402010050238e+04	1.961345077524587138e-37
1.077917587939698569e+04	2.607172459962959302e-37
1.085454773869346718e+04	1.855251265366678692e-37
1.092991959798995049e+04	1.541902971282098085e-37
1.100529145728643198e+04	1.374510305925758897e-37
1.108066331658291529e+04	1.659836586592092368e-37
1.115603517587939677e+04	1.486132673388910663e-37
1.123140703517588008e+04	1.311835061906024885e-37
1.130677889447236157e+04	1.542147079736783747e-37
1.138215075376884488e+04	1.576277793271317802e-37
1.145752261306532637e+04	1.098778324527604910e-37
1.153289447236180968e+04	1.092055602682366789e-37
1.160826633165829116e+04	7.432634702220978746e-38
1.168363819095477447e+04	1.778583155007124668e-37
1.175901005025125596e+04	1.502754977160646046e-37
1.183438190954773927e+04	1.005690639799297086e-37
1.190975376884422076e+04	1.267357060783416545e-37
1.198512562814070407e+04	7.600581005883528764e-38
1.206049748743718555e+04	1.037898534995880525e-37
1.213586934673366886e+04	7.251522374379100098e-38
1.221124120603015035e+04	8.837229101933239807e-38
1.228661306532663366e+04	7.890080966707792441e-38
1.236198492462311515e+04	8.081104507791458136e-38
1.243735678391959846e+04	6.317908080217418046e-38
1.251272864321607994e+04	4.465890598409016896e-38
1.258810050251256325e+04	5.434537056811320777e-38
1.266347236180904474e+04	5.859177093693022451e-38
1.273884422110552805e+04	5.413258013912688450e-38
1.281421608040200954e+04	5.469199494252176612e-38
1.288958793969849285e+04	3.354980828962122970e-38
1.296495979899497434e+04	6.705594141365737054e-38
1.304033165829145764e+04	5.959254301823368240e-38
1.311570351758793913e+04	3.555588074225001073e-38
1.319107537688442244e+04	6.719606852200548717e-38
1.326644723618090393e+04	4.572863548112824395e-38
1.334181909547738724e+04	5.935963237659272776e-38
1.341719095477386873e+04	4.808951269714874782e-38
1.349256281407035203e+04	4.615617824767031133e-38
1.356793467336683352e+04	4.108781648425498027e-38
1.364330653266331683e+04	5.052111029799589595e-38
1.371867839195979832e+04	4.442456512786078061e-38
1.379405025125628163e+04	4.863083623489876436e-38
1.386942211055276312e+04	4.835149605283360647e-38
1.394479396984924642e+04	4.097551766963368245e-38
1.402016582914572791e+04	3.148639410907648459e-38
1.409553768844221122e+04	3.705555686192940840e-38
1.417090954773869271e+04	3.475369731711986105e-38
1.424628140703517602e+04	1.833466154600794260e-38
1.432165326633165751e+04	3.787463710629996725e-38
1.439702512562814081e+04	3.487910195983643138e-38
1.447239698492462412e+04	3.864735040370654121e-38
1.454776884422110561e+04	3.127800759828158045e-38
1.462314070351758892e+04	3.861552979019460180e-38
1.469851256281407041e+04	3.143396917109157285e-38
1.477388442211055371e+04	2.688960580728079504e-38
1.484925628140703520e+04	2.232648104745474223e-38
1.492462814070351851e+04	2.831866224783493848e-38
1.500000000000000000e+04	2.876229478683207744e-38
