# Chain:	[5641.2, 4870.0, 4218.4, 3603.06, 3157.51, 2841.2, 2640.63, 2510.15, 2338.06, 1170.4, 690.146, 561.9585, 41.5575]
# Electron_projectile_energy, keV	cross_section, cm^2
1.000000000000000000e+00	0.000000000000000000e+00
7.637185929648241256e+01	0.000000000000000000e+00
1.517437185929648251e+02	0.000000000000000000e+00
2.271155778894472519e+02	0.000000000000000000e+00
3.024874371859296502e+02	0.000000000000000000e+00
3.778592964824120486e+02	0.000000000000000000e+00
4.532311557788945038e+02	0.000000000000000000e+00
5.286030150753769021e+02	0.000000000000000000e+00
6.039748743718593005e+02	0.000000000000000000e+00
6.793467336683416988e+02	0.000000000000000000e+00
7.547185929648240972e+02	0.000000000000000000e+00
8.300904522613064955e+02	0.000000000000000000e+00
9.054623115577890076e+02	0.000000000000000000e+00
9.808341708542714059e+02	0.000000000000000000e+00
1.056206030150753804e+03	0.000000000000000000e+00
1.131577889447236203e+03	0.000000000000000000e+00
1.206949748743718601e+03	2.167984740594212676e-30
1.282321608040200999e+03	1.545201205649609883e-31
1.357693467336683398e+03	4.542119715219511076e-31
1.433065326633165796e+03	1.339368338475387599e-36
1.508437185929648194e+03	3.767452237675876059e-34
1.583809045226130593e+03	5.303911284488996161e-31
1.659180904522612991e+03	3.040495417195118967e-34
1.734552763819095389e+03	1.125783773027327807e-35
1.809924623115578015e+03	2.205132195710431549e-36
1.885296482412060413e+03	2.061938797058189213e-37
1.960668341708542812e+03	2.548968455099860646e-37
2.036040201005025210e+03	5.840756296210746949e-37
2.111412060301507609e+03	8.595962831888327738e-37
2.186783919597990007e+03	1.405682518326859648e-36
2.262155778894472405e+03	2.137135436502292326e-36
2.337527638190954804e+03	3.301366626122198148e-36
2.412899497487437202e+03	1.181145943020504375e-35
2.488271356783919600e+03	4.851314449470461586e-34
2.563643216080401999e+03	2.298132229088366442e-35
2.639015075376884397e+03	3.548508322212442090e-36
2.714386934673366795e+03	1.899944128441691593e-36
2.789758793969849194e+03	4.083742499029643494e-36
2.865130653266331592e+03	1.071065447145958010e-36
2.940502512562813990e+03	1.051825622985230404e-36
3.015874371859296389e+03	5.674171635439865547e-36
3.091246231155778787e+03	1.138130141234895929e-34
3.166618090452261185e+03	2.983936613928594430e-35
3.241989949748743584e+03	2.350594664878926375e-36
3.317361809045225982e+03	6.848719320956871174e-37
3.392733668341708380e+03	3.143510833554255403e-37
3.468105527638190779e+03	1.687669941701554708e-37
3.543477386934673177e+03	9.190676149542060476e-38
3.618849246231156030e+03	5.626666663887131460e-38
3.694221105527638429e+03	4.085604145121603741e-38
3.769592964824120827e+03	3.051099040531531553e-38
3.844964824120603225e+03	1.748975421196505452e-38
3.920336683417085624e+03	1.289504340543718489e-38
3.995708542713568022e+03	9.283769875686637953e-39
4.071080402010050420e+03	7.767733389120470917e-39
4.146452261306532819e+03	5.678142014781987616e-39
4.221824120603015217e+03	3.852995709294252787e-39
4.297195979899497615e+03	3.539503383446845435e-39
4.372567839195980014e+03	2.605293374871831923e-39
4.447939698492462412e+03	2.037137875308317054e-39
4.523311557788944810e+03	1.967230546498503668e-39
4.598683417085427209e+03	1.221545044512951735e-39
4.674055276381909607e+03	8.284190802848733891e-40
4.749427135678392006e+03	8.219045065944438540e-40
4.824798994974874404e+03	8.488314534713026322e-40
4.900170854271356802e+03	6.694370866897638803e-40
4.975542713567839201e+03	6.112736877993190110e-40
5.050914572864321599e+03	3.371965739437604618e-40
5.126286432160803997e+03	2.790270682032863423e-40
5.201658291457286396e+03	2.996563732174146393e-40
5.277030150753768794e+03	1.788671981297701353e-40
5.352402010050251192e+03	1.793296600194310405e-40
5.427773869346733591e+03	9.648384368791924983e-41
5.503145728643215989e+03	1.204578512835502167e-40
5.578517587939698387e+03	1.531941556115495979e-40
5.653889447236180786e+03	1.196366769098582479e-40
5.729261306532663184e+03	5.298322805392707131e-41
5.804633165829145582e+03	7.354030519965573421e-41
5.880005025125627981e+03	7.883994758260673448e-41
5.955376884422110379e+03	4.464596673834846863e-41
6.030748743718592777e+03	7.066025947765558413e-41
6.106120603015075176e+03	3.183159343255952871e-41
6.181492462311557574e+03	4.889832390534342021e-41
6.256864321608039972e+03	3.634132799987204852e-41
6.332236180904522371e+03	3.806646643569945799e-41
6.407608040201004769e+03	2.032597691092563816e-41
6.482979899497487168e+03	2.436297830408474922e-41
6.558351758793969566e+03	3.252984472967749706e-41
6.633723618090451964e+03	2.497861959406256720e-41
6.709095477386934363e+03	1.911138272912587037e-41
6.784467336683416761e+03	2.765099103043234485e-41
6.859839195979899159e+03	2.013077701622216575e-41
6.935211055276381558e+03	1.127066071509041430e-41
7.010582914572863956e+03	1.993118451056193665e-41
7.085954773869346354e+03	1.783057632919637412e-41
7.161326633165828753e+03	1.634883353530855790e-41
7.236698492462312061e+03	1.394639541335892355e-41
7.312070351758794459e+03	1.398646617586355092e-41
7.387442211055276857e+03	1.523001127042521378e-41
7.462814070351759256e+03	7.379715142384228716e-42
7.538185929648241654e+03	1.234120114450076201e-41
7.613557788944724052e+03	8.917975986259209838e-42
7.688929648241206451e+03	9.574769814022476839e-42
7.764301507537688849e+03	1.169877273313716487e-41
7.839673366834171247e+03	5.673500370821131282e-42
7.915045226130653646e+03	6.502030506851081629e-42
7.990417085427136044e+03	7.508624577341691804e-42
8.065788944723618442e+03	6.551567372960937190e-42
8.141160804020100841e+03	5.039452794915079474e-42
8.216532663316582330e+03	4.249302767867852051e-42
8.291904522613065637e+03	4.394745085546671742e-42
8.367276381909547126e+03	4.302904755457956506e-42
8.442648241206030434e+03	5.504102183196657329e-42
8.518020100502511923e+03	6.189545987272549061e-42
8.593391959798995231e+03	5.035895776991634814e-42
8.668763819095476720e+03	4.983316331325236269e-42
8.744135678391960028e+03	2.828258754070119392e-42
8.819507537688441516e+03	3.798024602589929020e-42
8.894879396984924824e+03	4.220879544812649284e-42
8.970251256281406313e+03	4.603741884316337207e-42
9.045623115577889621e+03	2.951042346090543440e-42
9.120994974874371110e+03	4.162163555898561108e-42
9.196366834170854418e+03	3.784408403077462320e-42
9.271738693467335906e+03	3.201245893628445994e-42
9.347110552763819214e+03	3.552071612936037627e-42
9.422482412060300703e+03	3.032090540147855181e-42
9.497854271356784011e+03	3.583694075195429414e-42
9.573226130653265500e+03	3.900843100979879054e-42
9.648597989949748808e+03	2.456837405792606329e-42
9.723969849246232116e+03	2.753800587909926281e-42
9.799341708542713604e+03	2.463291497818722315e-42
9.874713567839196912e+03	2.311475225427349075e-42
9.950085427135678401e+03	2.853987324173292215e-42
1.002545728643216171e+04	1.945590394690280039e-42
1.010082914572864320e+04	2.010799196164453535e-42
1.017620100502512651e+04	1.836472755622144670e-42
1.025157286432160799e+04	2.090133665300155203e-42
1.032694472361809130e+04	2.225400242878242682e-42
1.040231658291457279e+04	2.162202635969449654e-42
1.047768844221105610e+04	1.816963188939349776e-42
1.055306030150753759e+04	1.754308072141497132e-42
1.062843216080402090e+04	1.652804669471177565e-42
1.070380402010050238e+04	1.926427496786674200e-42
1.077917587939698569e+04	1.642887365167834907e-42
1.085454773869346718e+04	1.483830841194765367e-42
1.092991959798995049e+04	1.565656773119590461e-42
1.100529145728643198e+04	1.175554420522804657e-42
1.108066331658291529e+04	1.634238260952869119e-42
1.115603517587939677e+04	1.575671293515637790e-42
1.123140703517588008e+04	1.356816399459785432e-42
1.130677889447236157e+04	1.559751265128169567e-42
1.138215075376884488e+04	1.271125474840324574e-42
1.145752261306532637e+04	1.273226011204799597e-42
1.153289447236180968e+04	1.154533649975322894e-42
1.160826633165829116e+04	1.287359159692695976e-42
1.168363819095477447e+04	9.333285931488266355e-43
1.175901005025125596e+04	9.829746300713154873e-43
1.183438190954773927e+04	9.535264654981043824e-43
1.190975376884422076e+04	9.507863333043591677e-43
1.198512562814070407e+04	8.307281345579557363e-43
1.206049748743718555e+04	7.654030649918552512e-43
1.213586934673366886e+04	7.245607192418560200e-43
1.221124120603015035e+04	8.343024235963512389e-43
1.228661306532663366e+04	8.454537957004536713e-43
1.236198492462311515e+04	8.579847772630270730e-43
1.243735678391959846e+04	6.334672934548461453e-43
1.251272864321607994e+04	7.993938867461869743e-43
1.258810050251256325e+04	7.442683532710608114e-43
1.266347236180904474e+04	9.668656734123595725e-43
1.273884422110552805e+04	8.070544363279238096e-43
1.281421608040200954e+04	7.115566397311433308e-43
1.288958793969849285e+04	7.186023148277040484e-43
1.296495979899497434e+04	6.917830226318162919e-43
1.304033165829145764e+04	6.172735491059287718e-43
1.311570351758793913e+04	5.542195528609506374e-43
1.319107537688442244e+04	6.568861405333953482e-43
1.326644723618090393e+04	5.846179013196393580e-43
1.334181909547738724e+04	5.735729039410050905e-43
1.341719095477386873e+04	5.148144848197224801e-43
1.349256281407035203e+04	5.268680148491973220e-43
1.356793467336683352e+04	5.083686630828850374e-43
1.364330653266331683e+04	4.679781711676066763e-43
1.371867839195979832e+04	4.949960647501309844e-43
1.379405025125628163e+04	4.715086636658709770e-43
1.386942211055276312e+04	4.594786744570951159e-43
1.394479396984924642e+04	4.671485283412695318e-43
1.402016582914572791e+04	4.307768499973310340e-43
1.409553768844221122e+04	4.546244664163858679e-43
1.417090954773869271e+04	4.276101700761786160e-43
1.424628140703517602e+04	3.707355563005722404e-43
1.432165326633165751e+04	4.093201292552258243e-43
1.439702512562814081e+04	4.192945411119016803e-43
1.447239698492462412e+04	3.921955841231612621e-43
1.454776884422110561e+04	3.945445127902115683e-43
1.462314070351758892e+04	3.899941671035583841e-43
1.469851256281407041e+04	3.611403959546298409e-43
1.477388442211055371e+04	3.586104288635356163e-43
1.484925628140703520e+04	3.450412928012331983e-43
1.492462814070351851e+04	3.474703473169867543e-43
1.500000000000000000e+04	3.292717536397328594e-43
