# Chain:	[2510.15, 2338.06, 1170.4, 690.146, 41.5575]
# Electron_projectile_energy, keV	cross_section, cm^2
1.000000000000000000e+00	0.000000000000000000e+00
7.637185929648241256e+01	0.000000000000000000e+00
1.517437185929648251e+02	0.000000000000000000e+00
2.271155778894472519e+02	0.000000000000000000e+00
3.024874371859296502e+02	0.000000000000000000e+00
3.778592964824120486e+02	0.000000000000000000e+00
4.532311557788945038e+02	0.000000000000000000e+00
5.286030150753769021e+02	0.000000000000000000e+00
6.039748743718593005e+02	0.000000000000000000e+00
6.793467336683416988e+02	0.000000000000000000e+00
7.547185929648240972e+02	0.000000000000000000e+00
8.300904522613064955e+02	0.000000000000000000e+00
9.054623115577890076e+02	0.000000000000000000e+00
9.808341708542714059e+02	0.000000000000000000e+00
1.056206030150753804e+03	0.000000000000000000e+00
1.131577889447236203e+03	0.000000000000000000e+00
1.206949748743718601e+03	4.376473811174039600e-25
1.282321608040200999e+03	3.119271313536347847e-26
1.357693467336683398e+03	9.169099582973580719e-26
1.433065326633165796e+03	2.703760015970691110e-31
1.508437185929648194e+03	7.605291561470280573e-29
1.583809045226130593e+03	1.790556794349313873e-25
1.659180904522612991e+03	2.204383974076714746e-28
1.734552763819095389e+03	2.472410710222311734e-29
1.809924623115578015e+03	4.315973018293854632e-28
1.885296482412060413e+03	5.397462873490799628e-29
1.960668341708542812e+03	6.360086950537433430e-31
2.036040201005025210e+03	9.245232658979168734e-31
2.111412060301507609e+03	7.267698801666012586e-30
2.186783919597990007e+03	5.369498887230664938e-29
2.262155778894472405e+03	5.279419922754141220e-30
2.337527638190954804e+03	1.063616604179107370e-29
2.412899497487437202e+03	3.014985653735314001e-30
2.488271356783919600e+03	9.808529886448302491e-29
2.563643216080401999e+03	4.690715834302344633e-30
2.639015075376884397e+03	7.300937070112583047e-31
2.714386934673366795e+03	3.918792765304255104e-31
2.789758793969849194e+03	8.267783071444179884e-31
2.865130653266331592e+03	2.201808827572007594e-31
2.940502512562813990e+03	2.192097927818501375e-31
3.015874371859296389e+03	1.151459651964871022e-30
3.091246231155778787e+03	2.298590329010764478e-29
3.166618090452261185e+03	6.034003357744614736e-30
3.241989949748743584e+03	4.893953960930422436e-31
3.317361809045225982e+03	1.565875615939389542e-31
3.392733668341708380e+03	8.793209104064485866e-32
3.468105527638190779e+03	6.584039789331166942e-32
3.543477386934673177e+03	7.266244750865622197e-32
3.618849246231156030e+03	9.562678858749998417e-32
3.694221105527638429e+03	2.255180359996553434e-31
3.769592964824120827e+03	3.987615429968953900e-29
3.844964824120603225e+03	3.265556737350453851e-31
3.920336683417085624e+03	8.146649769699370250e-32
3.995708542713568022e+03	3.871429052566873060e-32
4.071080402010050420e+03	2.400745530375597861e-32
4.146452261306532819e+03	1.123734306290604749e-32
4.221824120603015217e+03	2.130009183643807130e-32
4.297195979899497615e+03	1.586539429583545429e-32
4.372567839195980014e+03	1.443400521709515236e-32
4.447939698492462412e+03	2.059529711211782384e-32
4.523311557788944810e+03	1.527114619486484308e-32
4.598683417085427209e+03	5.254181219786557449e-32
4.674055276381909607e+03	3.992608187579563484e-31
4.749427135678392006e+03	1.180724158247038534e-29
4.824798994974874404e+03	3.513671872956367249e-31
4.900170854271356802e+03	5.050602637065903231e-32
4.975542713567839201e+03	1.772049155727263385e-32
5.050914572864321599e+03	8.497442559660878067e-33
5.126286432160803997e+03	4.636029992846453546e-33
5.201658291457286396e+03	3.162585879625829734e-33
5.277030150753768794e+03	1.933227000912169381e-33
5.352402010050251192e+03	1.259866678216635442e-33
5.427773869346733591e+03	9.219185879383498076e-34
5.503145728643215989e+03	6.991738142239833800e-34
5.578517587939698387e+03	5.721998160052415228e-34
5.653889447236180786e+03	4.330131180564885817e-34
5.729261306532663184e+03	2.915970649942905215e-34
5.804633165829145582e+03	2.485734238195963726e-34
5.880005025125627981e+03	2.257398004331960193e-34
5.955376884422110379e+03	1.917983387812272734e-34
6.030748743718592777e+03	1.124586073906530586e-34
6.106120603015075176e+03	1.176145610325840494e-34
6.181492462311557574e+03	1.088631906727297956e-34
6.256864321608039972e+03	6.401338506089766636e-35
6.332236180904522371e+03	6.289828514169176365e-35
6.407608040201004769e+03	4.804511004058664763e-35
6.482979899497487168e+03	4.189350385840295791e-35
6.558351758793969566e+03	5.145263009045073400e-35
6.633723618090451964e+03	3.580475849704001391e-35
6.709095477386934363e+03	2.435887594600420489e-35
6.784467336683416761e+03	3.335980866316070351e-35
6.859839195979899159e+03	2.467882065395503255e-35
6.935211055276381558e+03	2.346582662054776606e-35
7.010582914572863956e+03	1.835921152458647767e-35
7.085954773869346354e+03	1.679339378913792109e-35
7.161326633165828753e+03	1.466113242300355179e-35
7.236698492462312061e+03	1.153257251114765214e-35
7.312070351758794459e+03	1.350011977996435848e-35
7.387442211055276857e+03	1.014410467177992363e-35
7.462814070351759256e+03	8.555224116266729654e-36
7.538185929648241654e+03	7.232934486671542573e-36
7.613557788944724052e+03	4.859888940433709849e-36
7.688929648241206451e+03	5.524596624098515889e-36
7.764301507537688849e+03	4.892323471510887690e-36
7.839673366834171247e+03	6.656919057615397916e-36
7.915045226130653646e+03	3.935881090888112538e-36
7.990417085427136044e+03	3.689677565736584985e-36
8.065788944723618442e+03	3.858872659955120536e-36
8.141160804020100841e+03	4.038972858946456529e-36
8.216532663316582330e+03	3.602708372634372206e-36
8.291904522613065637e+03	3.594202659053161310e-36
8.367276381909547126e+03	2.254196398650760167e-36
8.442648241206030434e+03	2.044995079068461196e-36
8.518020100502511923e+03	2.805645745194404562e-36
8.593391959798995231e+03	2.730757566934397061e-36
8.668763819095476720e+03	2.039220851613098928e-36
8.744135678391960028e+03	1.872864123284010057e-36
8.819507537688441516e+03	1.620478869319055037e-36
8.894879396984924824e+03	1.763265621335677325e-36
8.970251256281406313e+03	1.745419674172579414e-36
9.045623115577889621e+03	1.783699253299036766e-36
9.120994974874371110e+03	1.349799982401564759e-36
9.196366834170854418e+03	1.268329423533030547e-36
9.271738693467335906e+03	1.013718245223224855e-36
9.347110552763819214e+03	1.308461370105872020e-36
9.422482412060300703e+03	1.241631924842926427e-36
9.497854271356784011e+03	1.504072513327659068e-36
9.573226130653265500e+03	1.153600709183101324e-36
9.648597989949748808e+03	8.666725820649021108e-37
9.723969849246232116e+03	9.420223042964646738e-37
9.799341708542713604e+03	6.471246083293903091e-37
9.874713567839196912e+03	5.685952534740173202e-37
9.950085427135678401e+03	9.629974326337318831e-37
1.002545728643216171e+04	5.788954933908730293e-37
1.010082914572864320e+04	7.544461920977822252e-37
1.017620100502512651e+04	7.166285613149839204e-37
1.025157286432160799e+04	6.119009377133915859e-37
1.032694472361809130e+04	5.756822188610522656e-37
1.040231658291457279e+04	6.441445166332055595e-37
1.047768844221105610e+04	6.355707332289833818e-37
1.055306030150753759e+04	5.967662305925565890e-37
1.062843216080402090e+04	4.673391869581605731e-37
1.070380402010050238e+04	5.711479968456142594e-37
1.077917587939698569e+04	5.979707570509760778e-37
1.085454773869346718e+04	4.808074804239370352e-37
1.092991959798995049e+04	4.580006363751538278e-37
1.100529145728643198e+04	3.696082647236016632e-37
1.108066331658291529e+04	4.840422341789746301e-37
1.115603517587939677e+04	4.531423019077319348e-37
1.123140703517588008e+04	3.940139010501415287e-37
1.130677889447236157e+04	4.569921723506962360e-37
1.138215075376884488e+04	4.103387324383599259e-37
1.145752261306532637e+04	3.540485334659164513e-37
1.153289447236180968e+04	3.323999618956885555e-37
1.160826633165829116e+04	3.143465902045104848e-37
1.168363819095477447e+04	3.750026254043179772e-37
1.175901005025125596e+04	3.509947583033434612e-37
1.183438190954773927e+04	2.868408204220981638e-37
1.190975376884422076e+04	3.174083105792306739e-37
1.198512562814070407e+04	2.361223501383886623e-37
1.206049748743718555e+04	2.576146286036606641e-37
1.213586934673366886e+04	2.133298952831243636e-37
1.221124120603015035e+04	2.514240883449922805e-37
1.228661306532663366e+04	2.421443821705086890e-37
1.236198492462311515e+04	2.466123685620540062e-37
1.243735678391959846e+04	1.862492815460531404e-37
1.251272864321607994e+04	1.934221593314878941e-37
1.258810050251256325e+04	1.952319534817170135e-37
1.266347236180904474e+04	2.393746600197576646e-37
1.273884422110552805e+04	2.060091860566494706e-37
1.281421608040200954e+04	1.898967355719688662e-37
1.288958793969849285e+04	1.660475324754957601e-37
1.296495979899497434e+04	2.010939045695091684e-37
1.304033165829145764e+04	1.791487827237508261e-37
1.311570351758793913e+04	1.395505335867182150e-37
1.319107537688442244e+04	1.951297889737170901e-37
1.326644723618090393e+04	1.569614597659581292e-37
1.334181909547738724e+04	1.711954571213012529e-37
1.341719095477386873e+04	1.475003616892814450e-37
1.349256281407035203e+04	1.473237645791824919e-37
1.356793467336683352e+04	1.380599313166303190e-37
1.364330653266331683e+04	1.421578446560688654e-37
1.371867839195979832e+04	1.396700710243823885e-37
1.379405025125628163e+04	1.405350873656544864e-37
1.386942211055276312e+04	1.380903011544468095e-37
1.394479396984924642e+04	1.306854764776964858e-37
1.402016582914572791e+04	1.130363905480116809e-37
1.409553768844221122e+04	1.238340027029307536e-37
1.417090954773869271e+04	1.163570166434834595e-37
1.424628140703517602e+04	8.688324357856024521e-38
1.432165326633165751e+04	1.168472270309781130e-37
1.439702512562814081e+04	1.150450004092633013e-37
1.447239698492462412e+04	1.147558196995425059e-37
1.454776884422110561e+04	1.064241337309024941e-37
1.462314070351758892e+04	1.143313357054293876e-37
1.469851256281407041e+04	1.007410433393097255e-37
1.477388442211055371e+04	9.490434273548644652e-38
1.484925628140703520e+04	8.710611276924120475e-38
1.492462814070351851e+04	9.464303976231031273e-38
1.500000000000000000e+04	9.197247156716770973e-38
