# Chain:	[3157.51, 2841.2, 2640.63, 2510.15, 2338.06, 1170.4, 690.146, 571.1538, 41.5575]
# Electron_projectile_energy, keV	cross_section, cm^2
1.000000000000000000e+00	0.000000000000000000e+00
7.637185929648241256e+01	0.000000000000000000e+00
1.517437185929648251e+02	0.000000000000000000e+00
2.271155778894472519e+02	0.000000000000000000e+00
3.024874371859296502e+02	0.000000000000000000e+00
3.778592964824120486e+02	0.000000000000000000e+00
4.532311557788945038e+02	0.000000000000000000e+00
5.286030150753769021e+02	0.000000000000000000e+00
6.039748743718593005e+02	0.000000000000000000e+00
6.793467336683416988e+02	0.000000000000000000e+00
7.547185929648240972e+02	0.000000000000000000e+00
8.300904522613064955e+02	0.000000000000000000e+00
9.054623115577890076e+02	0.000000000000000000e+00
9.808341708542714059e+02	0.000000000000000000e+00
1.056206030150753804e+03	0.000000000000000000e+00
1.131577889447236203e+03	0.000000000000000000e+00
1.206949748743718601e+03	1.177485952421410580e-25
1.282321608040200999e+03	8.392368632716287178e-27
1.357693467336683398e+03	2.466937178451462743e-26
1.433065326633165796e+03	7.274439594258942530e-32
1.508437185929648194e+03	2.046196176208361170e-29
1.583809045226130593e+03	1.007933767291894529e-25
1.659180904522612991e+03	1.755741151916707269e-28
1.734552763819095389e+03	2.306294752205555944e-29
1.809924623115578015e+03	4.312719217199715363e-28
1.885296482412060413e+03	5.394420362603261188e-29
1.960668341708542812e+03	5.983971796794562434e-31
2.036040201005025210e+03	8.383395021118767343e-31
2.111412060301507609e+03	7.140860359408517488e-30
2.186783919597990007e+03	5.348757222286304589e-29
2.262155778894472405e+03	4.964073131521329882e-30
2.337527638190954804e+03	1.014903015210942088e-29
2.412899497487437202e+03	1.272135964626388267e-30
2.488271356783919600e+03	2.650132628267603522e-29
2.563643216080401999e+03	1.299687769848897802e-30
2.639015075376884397e+03	2.064906194577476723e-31
2.714386934673366795e+03	1.115314454138902885e-31
2.789758793969849194e+03	2.241982968678075708e-31
2.865130653266331592e+03	6.213893268285333973e-32
2.940502512562813990e+03	6.400679091328355324e-32
3.015874371859296389e+03	3.142025518399133827e-31
3.091246231155778787e+03	6.192129628707523532e-30
3.166618090452261185e+03	1.631030947233688423e-30
3.241989949748743584e+03	1.425514514379982708e-31
3.317361809045225982e+03	5.553071582600859179e-32
3.392733668341708380e+03	4.154775630754519791e-32
3.468105527638190779e+03	4.093784414376226929e-32
3.543477386934673177e+03	5.910106911627230409e-32
3.618849246231156030e+03	8.732431394088895002e-32
3.694221105527638429e+03	2.194894889295634005e-31
3.769592964824120827e+03	3.987165222520362159e-29
3.844964824120603225e+03	3.239749585515377570e-31
3.920336683417085624e+03	7.956375887601952512e-32
3.995708542713568022e+03	3.734441616448502118e-32
4.071080402010050420e+03	2.286128096329391892e-32
4.146452261306532819e+03	1.039950011016542232e-32
4.221824120603015217e+03	2.073155986003310809e-32
4.297195979899497615e+03	1.534311993948749907e-32
4.372567839195980014e+03	1.404957899311631719e-32
4.447939698492462412e+03	2.029470554393500601e-32
4.523311557788944810e+03	1.498086986054473947e-32
4.598683417085427209e+03	5.236156610603906219e-32
4.674055276381909607e+03	3.991385806937224846e-31
4.749427135678392006e+03	1.180712030566947083e-29
4.824798994974874404e+03	3.512419372667533687e-31
4.900170854271356802e+03	5.040724702630201355e-32
4.975542713567839201e+03	1.763029456146218198e-32
5.050914572864321599e+03	8.447687239622812438e-33
5.126286432160803997e+03	4.594857922456280564e-33
5.201658291457286396e+03	3.118369835030535324e-33
5.277030150753768794e+03	1.906834103193276499e-33
5.352402010050251192e+03	1.233405541550186103e-33
5.427773869346733591e+03	9.076818343881912684e-34
5.503145728643215989e+03	6.813995561061935871e-34
5.578517587939698387e+03	5.495951253606527737e-34
5.653889447236180786e+03	4.153600290042448165e-34
5.729261306532663184e+03	2.837790808503808224e-34
5.804633165829145582e+03	2.377221231135693338e-34
5.880005025125627981e+03	2.141065066014172772e-34
5.955376884422110379e+03	1.852105661431640912e-34
6.030748743718592777e+03	1.020322742189825188e-34
6.106120603015075176e+03	1.129176238720578688e-34
6.181492462311557574e+03	1.016479579472598893e-34
6.256864321608039972e+03	5.865101027726917638e-35
6.332236180904522371e+03	5.728135612585186518e-35
6.407608040201004769e+03	4.504589366522065998e-35
6.482979899497487168e+03	3.829860439539017626e-35
6.558351758793969566e+03	4.665266188085787227e-35
6.633723618090451964e+03	3.211901757305613561e-35
6.709095477386934363e+03	2.153888002215412281e-35
6.784467336683416761e+03	2.927974375621922018e-35
6.859839195979899159e+03	2.170840716089231472e-35
6.935211055276381558e+03	2.180277493422397176e-35
7.010582914572863956e+03	1.541824906917866788e-35
7.085954773869346354e+03	1.416238831554646518e-35
7.161326633165828753e+03	1.224876673587765775e-35
7.236698492462312061e+03	9.474700572968309612e-36
7.312070351758794459e+03	1.143633516720096738e-35
7.387442211055276857e+03	7.896827731564822748e-36
7.462814070351759256e+03	7.466304129907899055e-36
7.538185929648241654e+03	5.411918319700673719e-36
7.613557788944724052e+03	3.543989599884318533e-36
7.688929648241206451e+03	4.111783525745527524e-36
7.764301507537688849e+03	3.166101361416391658e-36
7.839673366834171247e+03	5.819761006497802596e-36
7.915045226130653646e+03	2.976468588613999727e-36
7.990417085427136044e+03	2.581736240823747333e-36
8.065788944723618442e+03	2.892150704331137893e-36
8.141160804020100841e+03	3.295372223580740994e-36
8.216532663316582330e+03	2.975698979623263269e-36
8.291904522613065637e+03	2.945732404270679221e-36
8.367276381909547126e+03	1.619277719919369240e-36
8.442648241206030434e+03	1.232832717973890840e-36
8.518020100502511923e+03	1.892342155287725313e-36
8.593391959798995231e+03	1.987681790297499685e-36
8.668763819095476720e+03	1.303903478675143228e-36
8.744135678391960028e+03	1.455538057916901665e-36
8.819507537688441516e+03	1.060058200140411893e-36
8.894879396984924824e+03	1.140450240568184306e-36
8.970251256281406313e+03	1.066110723468323680e-36
9.045623115577889621e+03	1.348255753211436837e-36
9.120994974874371110e+03	7.356484880597360998e-37
9.196366834170854418e+03	7.099179039626449057e-37
9.271738693467335906e+03	5.413557532348229587e-37
9.347110552763819214e+03	7.843324982353158982e-37
9.422482412060300703e+03	7.942292912841146890e-37
9.497854271356784011e+03	9.752775628202237982e-37
9.573226130653265500e+03	5.780085712276767619e-37
9.648597989949748808e+03	5.041519016884474988e-37
9.723969849246232116e+03	5.356829753704137345e-37
9.799341708542713604e+03	2.836515890529321824e-37
9.874713567839196912e+03	2.275236101411913910e-37
9.950085427135678401e+03	5.418749667734828851e-37
1.002545728643216171e+04	2.918122896126925927e-37
1.010082914572864320e+04	4.577410495534405361e-37
1.017620100502512651e+04	4.456463012389735144e-37
1.025157286432160799e+04	3.034895317994961889e-37
1.032694472361809130e+04	2.473114409430566530e-37
1.040231658291457279e+04	3.250989139997945002e-37
1.047768844221105610e+04	3.674672234402415405e-37
1.055306030150753759e+04	3.379078485103001388e-37
1.062843216080402090e+04	2.234582236134288925e-37
1.070380402010050238e+04	2.868923903555653517e-37
1.077917587939698569e+04	3.555531497651643991e-37
1.085454773869346718e+04	2.618595904067893302e-37
1.092991959798995049e+04	2.269788531309308711e-37
1.100529145728643198e+04	1.961483575507903681e-37
1.108066331658291529e+04	2.429008526365772745e-37
1.115603517587939677e+04	2.206428178034282791e-37
1.123140703517588008e+04	1.938077322909157986e-37
1.130677889447236157e+04	2.268417812344062685e-37
1.138215075376884488e+04	2.227767591077334309e-37
1.145752261306532637e+04	1.661766137504745036e-37
1.153289447236180968e+04	1.620417919493388475e-37
1.160826633165829116e+04	1.243892420461386617e-37
1.168363819095477447e+04	2.372845510191896487e-37
1.175901005025125596e+04	2.059511217785712540e-37
1.183438190954773927e+04	1.461424322364093798e-37
1.190975376884422076e+04	1.771142448712345438e-37
1.198512562814070407e+04	1.135435714867113639e-37
1.206049748743718555e+04	1.446749447528465690e-37
1.213586934673366886e+04	1.064167376218541664e-37
1.221124120603015035e+04	1.283179025108102865e-37
1.228661306532663366e+04	1.173927463798994318e-37
1.236198492462311515e+04	1.200117133975381530e-37
1.243735678391959846e+04	9.277748985237539891e-38
1.251272864321607994e+04	7.546693159491155763e-38
1.258810050251256325e+04	8.541081954166146218e-38
1.266347236180904474e+04	9.670799395073909939e-38
1.273884422110552805e+04	8.692359957517573173e-38
1.281421608040200954e+04	8.490240564458864846e-38
1.288958793969849285e+04	6.001357211767090203e-38
1.296495979899497434e+04	9.901728710753276209e-38
1.304033165829145764e+04	8.806647240371654638e-38
1.311570351758793913e+04	5.777220796070135434e-38
1.319107537688442244e+04	9.820240988278997759e-38
1.326644723618090393e+04	7.069768062983839420e-38
1.334181909547738724e+04	8.656143173079698535e-38
1.341719095477386873e+04	7.153648354884329642e-38
1.349256281407035203e+04	6.958131782165932577e-38
1.356793467336683352e+04	6.304717174680418348e-38
1.364330653266331683e+04	7.310493760857220441e-38
1.371867839195979832e+04	6.663051628877151468e-38
1.379405025125628163e+04	7.096123557044386357e-38
1.386942211055276312e+04	7.029154439100530033e-38
1.394479396984924642e+04	6.175498806529712699e-38
1.402016582914572791e+04	4.947275528942305203e-38
1.409553768844221122e+04	5.675151263156159105e-38
1.417090954773869271e+04	5.326064346615582727e-38
1.424628140703517602e+04	3.217905119165381591e-38
1.432165326633165751e+04	5.644965599126520121e-38
1.439702512562814081e+04	5.317564675825033979e-38
1.447239698492462412e+04	5.688507511475759287e-38
1.454776884422110561e+04	4.820679102915341649e-38
1.462314070351758892e+04	5.678542303416759756e-38
1.469851256281407041e+04	4.745267279259949776e-38
1.477388442211055371e+04	4.198928358049922362e-38
1.484925628140703520e+04	3.619325873610232139e-38
1.492462814070351851e+04	4.337176457616950734e-38
1.500000000000000000e+04	4.338650495953428011e-38
