# Chain:	[5641.2, 4870.0, 3603.06, 3157.51, 2841.2, 2640.63, 2510.15, 2338.06, 1170.4, 561.9585, 41.5575]
# Electron_projectile_energy, keV	cross_section, cm^2
1.000000000000000000e+00	0.000000000000000000e+00
7.637185929648241256e+01	0.000000000000000000e+00
1.517437185929648251e+02	0.000000000000000000e+00
2.271155778894472519e+02	0.000000000000000000e+00
3.024874371859296502e+02	0.000000000000000000e+00
3.778592964824120486e+02	0.000000000000000000e+00
4.532311557788945038e+02	0.000000000000000000e+00
5.286030150753769021e+02	0.000000000000000000e+00
6.039748743718593005e+02	0.000000000000000000e+00
6.793467336683416988e+02	0.000000000000000000e+00
7.547185929648240972e+02	0.000000000000000000e+00
8.300904522613064955e+02	0.000000000000000000e+00
9.054623115577890076e+02	0.000000000000000000e+00
9.808341708542714059e+02	0.000000000000000000e+00
1.056206030150753804e+03	0.000000000000000000e+00
1.131577889447236203e+03	0.000000000000000000e+00
1.206949748743718601e+03	5.685812361621507478e-27
1.282321608040200999e+03	4.052484296484011065e-28
1.357693467336683398e+03	1.191227961211637842e-27
1.433065326633165796e+03	3.512661742065836618e-33
1.508437185929648194e+03	9.880616825248002168e-31
1.583809045226130593e+03	1.424519232106584653e-27
1.659180904522612991e+03	8.714333717725756186e-31
1.734552763819095389e+03	3.997381643082330362e-32
1.809924623115578015e+03	2.064374436599487048e-31
1.885296482412060413e+03	2.564068867279027844e-32
1.960668341708542812e+03	9.405445853312051761e-34
2.036040201005025210e+03	1.907203738345213169e-33
2.111412060301507609e+03	5.555961716869013712e-33
2.186783919597990007e+03	2.854366742089292450e-32
2.262155778894472405e+03	7.861120361533996922e-33
2.337527638190954804e+03	1.329806604280997267e-32
2.412899497487437202e+03	3.127052402235017979e-32
2.488271356783919600e+03	1.272389202923667625e-30
2.563643216080401999e+03	6.029537985452777899e-32
2.639015075376884397e+03	9.312813785837892114e-33
2.714386934673366795e+03	4.986723909604132387e-33
2.789758793969849194e+03	1.071124479283742865e-32
2.865130653266331592e+03	2.810849779159073980e-33
2.940502512562813990e+03	2.761746522661870967e-33
3.015874371859296389e+03	1.488403165566122626e-32
3.091246231155778787e+03	2.984938917415313905e-31
3.166618090452261185e+03	7.826231804926513029e-32
3.241989949748743584e+03	6.171657106702925064e-33
3.317361809045225982e+03	1.804694989746353025e-33
3.392733668341708380e+03	8.358154496736571077e-34
3.468105527638190779e+03	4.573988962057256460e-34
3.543477386934673177e+03	2.662190346122587217e-34
3.618849246231156030e+03	1.867841015035419497e-34
3.694221105527638429e+03	2.082657722394713255e-34
3.769592964824120827e+03	1.863514419862423760e-32
3.844964824120603225e+03	1.962019334321931606e-34
3.920336683417085624e+03	7.052116381561335952e-35
3.995708542713568022e+03	4.149293584414631193e-35
4.071080402010050420e+03	3.081494324685650569e-35
4.146452261306532819e+03	1.958794789972745582e-35
4.221824120603015217e+03	1.965585036235758776e-35
4.297195979899497615e+03	1.633387146961744809e-35
4.372567839195980014e+03	1.330539998706175678e-35
4.447939698492462412e+03	1.473612567421544204e-35
4.523311557788944810e+03	1.208154217814970445e-35
4.598683417085427209e+03	2.754136532999055920e-35
4.674055276381909607e+03	1.879070806923951199e-34
4.749427135678392006e+03	5.497058865157828202e-33
4.824798994974874404e+03	1.656694459010077579e-34
4.900170854271356802e+03	2.519782626883535510e-35
4.975542713567839201e+03	9.792666464114288995e-36
5.050914572864321599e+03	4.807292380012545896e-36
5.126286432160803997e+03	2.863134897239591982e-36
5.201658291457286396e+03	2.229572566400343327e-36
5.277030150753768794e+03	1.352003435298557108e-36
5.352402010050251192e+03	1.039797214408288917e-36
5.427773869346733591e+03	6.730289191503857594e-37
5.503145728643215989e+03	6.299881167349628990e-37
5.578517587939698387e+03	6.536751704965217301e-37
5.653889447236180786e+03	5.040429160146631780e-37
5.729261306532663184e+03	2.696840884726722588e-37
5.804633165829145582e+03	3.016435144955460670e-37
5.880005025125627981e+03	3.044180474623326163e-37
5.955376884422110379e+03	2.021564391661547176e-37
6.030748743718592777e+03	2.310142352692584042e-37
6.106120603015075176e+03	1.352285742588622661e-37
6.181492462311557574e+03	1.743120338264991649e-37
6.256864321608039972e+03	1.216867515865786739e-37
6.332236180904522371e+03	1.255301140688924320e-37
6.407608040201004769e+03	7.375759865187078398e-38
6.482979899497487168e+03	8.110297493190503486e-38
6.558351758793969566e+03	1.062030789977212731e-37
6.633723618090451964e+03	7.982608800144094892e-38
6.709095477386934363e+03	5.966292777231541671e-38
6.784467336683416761e+03	8.544579794639553441e-38
6.859839195979899159e+03	6.238954698273264951e-38
6.935211055276381558e+03	3.942064958484429830e-38
7.010582914572863956e+03	5.894375442864440295e-38
7.085954773869346354e+03	5.290327568938361218e-38
7.161326633165828753e+03	4.816409064274796815e-38
7.236698492462312061e+03	4.063309548067490450e-38
7.312070351758794459e+03	4.165009975535226854e-38
7.387442211055276857e+03	4.323276663754088645e-38
7.462814070351759256e+03	2.264244520891917178e-38
7.538185929648241654e+03	3.457306444410454904e-38
7.613557788944724052e+03	2.481243691827415258e-38
7.688929648241206451e+03	2.678260580702120414e-38
7.764301507537688849e+03	3.185927122796104712e-38
7.839673366834171247e+03	1.744452390063731286e-38
7.915045226130653646e+03	1.827326404610324429e-38
7.990417085427136044e+03	2.070403550259009715e-38
8.065788944723618442e+03	1.836268782176778485e-38
8.141160804020100841e+03	1.462285390108080427e-38
8.216532663316582330e+03	1.242178546551058176e-38
8.291904522613065637e+03	1.278560377567200499e-38
8.367276381909547126e+03	1.192974268886292793e-38
8.442648241206030434e+03	1.486982385791671615e-38
8.518020100502511923e+03	1.695709028435959067e-38
8.593391959798995231e+03	1.400502810559614301e-38
8.668763819095476720e+03	1.355023685527960028e-38
8.744135678391960028e+03	8.023369276597517495e-39
8.819507537688441516e+03	1.035813709893396394e-38
8.894879396984924824e+03	1.149385271994799475e-38
8.970251256281406313e+03	1.245368296017322613e-38
9.045623115577889621e+03	8.292352943484123926e-39
9.120994974874371110e+03	1.115295582310921297e-38
9.196366834170854418e+03	1.015981903436064936e-38
9.271738693467335906e+03	8.566695144432224659e-39
9.347110552763819214e+03	9.590991137612632552e-39
9.422482412060300703e+03	8.245024631031617250e-39
9.497854271356784011e+03	9.761989771170193306e-39
9.573226130653265500e+03	1.040085121665410577e-38
9.648597989949748808e+03	6.615892086356568943e-39
9.723969849246232116e+03	7.401883415010412115e-39
9.799341708542713604e+03	6.530036819736873018e-39
9.874713567839196912e+03	6.109595518244266676e-39
9.950085427135678401e+03	7.664985041606460305e-39
1.002545728643216171e+04	5.189184229031854274e-39
1.010082914572864320e+04	5.435775955452954965e-39
1.017620100502512651e+04	4.977360544924101352e-39
1.025157286432160799e+04	5.570048045856254470e-39
1.032694472361809130e+04	5.895237810627413155e-39
1.040231658291457279e+04	5.767293129150852300e-39
1.047768844221105610e+04	4.890303572599611365e-39
1.055306030150753759e+04	4.713809701624845642e-39
1.062843216080402090e+04	4.396906135870796704e-39
1.070380402010050238e+04	5.137121817610184663e-39
1.077917587939698569e+04	4.432623185618531047e-39
1.085454773869346718e+04	3.975893750923421871e-39
1.092991959798995049e+04	4.172191092190826355e-39
1.100529145728643198e+04	3.144610863541695194e-39
1.108066331658291529e+04	4.357731109942778812e-39
1.115603517587939677e+04	4.195253565960033188e-39
1.123140703517588008e+04	3.614322199875815415e-39
1.130677889447236157e+04	4.156788634215694380e-39
1.138215075376884488e+04	3.405234868109121588e-39
1.145752261306532637e+04	3.384349512601646765e-39
1.153289447236180968e+04	3.074139704894288750e-39
1.160826633165829116e+04	3.401610778846012254e-39
1.168363819095477447e+04	2.534610226084417998e-39
1.175901005025125596e+04	2.648976029569789919e-39
1.183438190954773927e+04	2.544654456773284350e-39
1.190975376884422076e+04	2.551951370675768323e-39
1.198512562814070407e+04	2.210533112976978391e-39
1.206049748743718555e+04	2.055349352870169459e-39
1.213586934673366886e+04	1.931462507906689982e-39
1.221124120603015035e+04	2.226692625860189560e-39
1.228661306532663366e+04	2.250572166228399357e-39
1.236198492462311515e+04	2.284338343087365448e-39
1.243735678391959846e+04	1.688513499357752110e-39
1.251272864321607994e+04	2.111426617537809419e-39
1.258810050251256325e+04	1.972874154708917293e-39
1.266347236180904474e+04	2.556294708427630330e-39
1.273884422110552805e+04	2.136655566092934764e-39
1.281421608040200954e+04	1.887673803209758304e-39
1.288958793969849285e+04	1.894390849340297310e-39
1.296495979899497434e+04	1.842883750920217682e-39
1.304033165829145764e+04	1.644260227963146561e-39
1.311570351758793913e+04	1.466388317055533613e-39
1.319107537688442244e+04	1.751865128601948821e-39
1.326644723618090393e+04	1.551358835583050159e-39
1.334181909547738724e+04	1.530053963729856806e-39
1.341719095477386873e+04	1.370445364209936381e-39
1.349256281407035203e+04	1.400842673867384754e-39
1.356793467336683352e+04	1.349752467950604200e-39
1.364330653266331683e+04	1.249525050082288449e-39
1.371867839195979832e+04	1.316686816688922994e-39
1.379405025125628163e+04	1.257697312656058470e-39
1.386942211055276312e+04	1.226139562711329270e-39
1.394479396984924642e+04	1.242088016950027355e-39
1.402016582914572791e+04	1.141902033168304198e-39
1.409553768844221122e+04	1.207230084743161093e-39
1.417090954773869271e+04	1.135439907824784589e-39
1.424628140703517602e+04	9.779055025734008145e-40
1.432165326633165751e+04	1.089418423183984911e-39
1.439702512562814081e+04	1.113801759569313145e-39
1.447239698492462412e+04	1.045142640959819454e-39
1.454776884422110561e+04	1.047204835982546481e-39
1.462314070351758892e+04	1.039378415247503631e-39
1.469851256281407041e+04	9.600917228755230336e-40
1.477388442211055371e+04	9.509779044965686021e-40
1.484925628140703520e+04	9.130367047656797357e-40
1.492462814070351851e+04	9.226866172996034875e-40
1.500000000000000000e+04	8.754253760539501606e-40
