# Chain:	[4870.0, 4218.4, 3603.06, 3157.51, 2841.2, 2640.63, 2510.15, 2338.06, 1170.4, 690.146, 561.9585, 41.5575]
# Electron_projectile_energy, keV	cross_section, cm^2
1.000000000000000000e+00	0.000000000000000000e+00
7.637185929648241256e+01	0.000000000000000000e+00
1.517437185929648251e+02	0.000000000000000000e+00
2.271155778894472519e+02	0.000000000000000000e+00
3.024874371859296502e+02	0.000000000000000000e+00
3.778592964824120486e+02	0.000000000000000000e+00
4.532311557788945038e+02	0.000000000000000000e+00
5.286030150753769021e+02	0.000000000000000000e+00
6.039748743718593005e+02	0.000000000000000000e+00
6.793467336683416988e+02	0.000000000000000000e+00
7.547185929648240972e+02	0.000000000000000000e+00
8.300904522613064955e+02	0.000000000000000000e+00
9.054623115577890076e+02	0.000000000000000000e+00
9.808341708542714059e+02	0.000000000000000000e+00
1.056206030150753804e+03	0.000000000000000000e+00
1.131577889447236203e+03	0.000000000000000000e+00
1.206949748743718601e+03	4.947482688810929016e-26
1.282321608040200999e+03	3.526250011144395935e-27
1.357693467336683398e+03	1.036541366771617493e-26
1.433065326633165796e+03	3.056525972932914502e-32
1.508437185929648194e+03	8.597571919124586786e-30
1.583809045226130593e+03	8.409039890710916576e-26
1.659180904522612991e+03	1.659990441172230717e-28
1.734552763819095389e+03	2.270841781021206799e-29
1.809924623115578015e+03	4.312024781109366221e-28
1.885296482412060413e+03	5.393771020709128918e-29
1.960668341708542812e+03	5.903700160843139438e-31
2.036040201005025210e+03	8.199459020595745609e-31
2.111412060301507609e+03	7.113790114670384471e-30
2.186783919597990007e+03	5.344330473295018434e-29
2.262155778894472405e+03	4.896770863658985846e-30
2.337527638190954804e+03	1.004506413423891508e-29
2.412899497487437202e+03	9.001717021658334146e-31
2.488271356783919600e+03	1.122365791472747661e-29
2.563643216080401999e+03	5.759642836185044942e-31
2.639015075376884397e+03	9.474166170139203728e-32
2.714386934673366795e+03	5.169876168601611555e-32
2.789758793969849194e+03	9.559384491956811524e-32
2.865130653266331592e+03	2.840914074233999673e-32
2.940502512562813990e+03	3.088289590245142614e-32
3.015874371859296389e+03	1.355126041731879934e-31
3.091246231155778787e+03	2.607951559349197271e-30
3.166618090452261185e+03	6.913352319094334797e-31
3.241989949748743584e+03	6.852696563825944664e-32
3.317361809045225982e+03	3.396285754336069576e-32
3.392733668341708380e+03	3.164827101828765366e-32
3.468105527638190779e+03	3.562306565384478705e-32
3.543477386934673177e+03	5.620675864119594657e-32
3.618849246231156030e+03	8.555237464065989108e-32
3.694221105527638429e+03	2.182028581439895394e-31
3.769592964824120827e+03	3.987069137882302454e-29
3.844964824120603225e+03	3.234241744960609092e-31
3.920336683417085624e+03	7.915767059048265151e-32
3.995708542713568022e+03	3.705205342683444931e-32
4.071080402010050420e+03	2.261666096200214717e-32
4.146452261306532819e+03	1.022068512805799578e-32
4.221824120603015217e+03	2.061022204265836575e-32
4.297195979899497615e+03	1.523165456357183201e-32
4.372567839195980014e+03	1.396753358336793596e-32
4.447939698492462412e+03	2.023055238049257634e-32
4.523311557788944810e+03	1.491891820557423736e-32
4.598683417085427209e+03	5.232309743887479639e-32
4.674055276381909607e+03	3.991124922756039688e-31
4.749427135678392006e+03	1.180709442240708211e-29
4.824798994974874404e+03	3.512152060260113245e-31
4.900170854271356802e+03	5.038616523927257078e-32
4.975542713567839201e+03	1.761104444526888888e-32
5.050914572864321599e+03	8.437068308433797174e-33
5.126286432160803997e+03	4.586070854419172827e-33
5.201658291457286396e+03	3.108933112793621839e-33
5.277030150753768794e+03	1.901201250976843728e-33
5.352402010050251192e+03	1.227758125570764416e-33
5.427773869346733591e+03	9.046433833001776614e-34
5.503145728643215989e+03	6.776061200727356130e-34
5.578517587939698387e+03	5.447707637784084566e-34
5.653889447236180786e+03	4.115924532399652941e-34
5.729261306532663184e+03	2.821105429815159937e-34
5.804633165829145582e+03	2.354062056313687777e-34
5.880005025125627981e+03	2.116236937764415516e-34
5.955376884422110379e+03	1.838045837421069987e-34
6.030748743718592777e+03	9.980705459585414794e-35
6.106120603015075176e+03	1.119151893089074631e-34
6.181492462311557574e+03	1.001080611127928943e-34
6.256864321608039972e+03	5.750655599994750061e-35
6.332236180904522371e+03	5.608257411284970011e-35
6.407608040201004769e+03	4.440579181708422444e-35
6.482979899497487168e+03	3.753137005743469863e-35
6.558351758793969566e+03	4.562823811897387801e-35
6.633723618090451964e+03	3.133239557519970477e-35
6.709095477386934363e+03	2.093702794591858481e-35
6.784467336683416761e+03	2.840896393889738250e-35
6.859839195979899159e+03	2.107445251118591287e-35
6.935211055276381558e+03	2.144784140335046979e-35
7.010582914572863956e+03	1.479057994918172026e-35
7.085954773869346354e+03	1.360087115395205957e-35
7.161326633165828753e+03	1.173391234011177950e-35
7.236698492462312061e+03	9.035503307417248719e-36
7.312070351758794459e+03	1.099587600072146515e-35
7.387442211055276857e+03	7.417207076476027753e-36
7.462814070351759256e+03	7.233903526381614102e-36
7.538185929648241654e+03	5.023271530646606696e-36
7.613557788944724052e+03	3.263146374712079665e-36
7.688929648241206451e+03	3.810256672679865783e-36
7.764301507537688849e+03	2.797685807259975988e-36
7.839673366834171247e+03	5.641092198170402806e-36
7.915045226130653646e+03	2.771707864821299409e-36
7.990417085427136044e+03	2.345276045577949943e-36
8.065788944723618442e+03	2.685829974852770031e-36
8.141160804020100841e+03	3.136670722454488846e-36
8.216532663316582330e+03	2.841880734777111857e-36
8.291904522613065637e+03	2.807333917266847850e-36
8.367276381909547126e+03	1.483771451345227667e-36
8.442648241206030434e+03	1.059498565562148648e-36
8.518020100502511923e+03	1.697422135308318685e-36
8.593391959798995231e+03	1.829092306111768025e-36
8.668763819095476720e+03	1.146969816519149172e-36
8.744135678391960028e+03	1.366471064314483172e-36
8.819507537688441516e+03	9.404515225357222304e-37
8.894879396984924824e+03	1.007527094525271967e-36
8.970251256281406313e+03	9.211305485223421511e-37
9.045623115577889621e+03	1.255322081784994598e-36
9.120994974874371110e+03	6.045744149142184584e-37
9.196366834170854418e+03	5.907400251561986497e-37
9.271738693467335906e+03	4.405427186716831869e-37
9.347110552763819214e+03	6.724713259965958082e-37
9.422482412060300703e+03	6.987432653493723105e-37
9.497854271356784011e+03	8.624205419379881559e-37
9.573226130653265500e+03	4.551639527785969156e-37
9.648597989949748808e+03	4.267816394417535659e-37
9.723969849246232116e+03	4.489608043552119138e-37
9.799341708542713604e+03	2.060780757520791547e-37
9.874713567839196912e+03	1.547310663829470392e-37
9.950085427135678401e+03	4.519977338725980646e-37
1.002545728643216171e+04	2.305421222394178328e-37
1.010082914572864320e+04	3.944173388488268153e-37
1.017620100502512651e+04	3.878124460654953448e-37
1.025157286432160799e+04	2.376674348900159541e-37
1.032694472361809130e+04	1.772295543723829118e-37
1.040231658291457279e+04	2.570072345988618975e-37
1.047768844221105610e+04	3.102477598772981652e-37
1.055306030150753759e+04	2.826615081203909732e-37
1.062843216080402090e+04	1.714084093204516603e-37
1.070380402010050238e+04	2.262256973647274179e-37
1.077917587939698569e+04	3.038156493570704357e-37
1.085454773869346718e+04	2.151310681845652020e-37
1.092991959798995049e+04	1.776734840255237740e-37
1.100529145728643198e+04	1.591280184812755212e-37
1.108066331658291529e+04	1.914357281943218862e-37
1.115603517587939677e+04	1.710220733022013729e-37
1.123140703517588008e+04	1.510791250174720253e-37
1.130677889447236157e+04	1.777223872777489538e-37
1.138215075376884488e+04	1.827467143416568926e-37
1.145752261306532637e+04	1.260804192876395279e-37
1.153289447236180968e+04	1.256834350386968447e-37
1.160826633165829116e+04	8.384796912499715447e-38
1.168363819095477447e+04	2.078923422209985062e-37
1.175901005025125596e+04	1.749954693079801882e-37
1.183438190954773927e+04	1.161141558348821597e-37
1.190975376884422076e+04	1.471722601982201734e-37
1.198512562814070407e+04	8.738243706450064405e-38
1.206049748743718555e+04	1.205710151548932360e-37
1.213586934673366886e+04	8.359900750702384872e-38
1.221124120603015035e+04	1.020442072493701730e-37
1.228661306532663366e+04	9.076787420212346525e-38
1.236198492462311515e+04	9.299221790141846325e-38
1.243735678391959846e+04	7.282845679721758583e-38
1.251272864321607994e+04	5.029256942095118951e-38
1.258810050251256325e+04	6.197246031661556228e-38
1.266347236180904474e+04	6.625964171836702016e-38
1.273884422110552805e+04	6.150799281225906493e-38
1.281421608040200954e+04	6.249419755984810672e-38
1.288958793969849285e+04	3.738348295580226395e-38
1.296495979899497434e+04	7.723178605946203598e-38
1.304033165829145764e+04	6.862740970478892654e-38
1.311570351758793913e+04	4.031882987145677855e-38
1.319107537688442244e+04	7.751587489294554135e-38
1.326644723618090393e+04	5.228700345903069073e-38
1.334181909547738724e+04	6.849858154344542721e-38
1.341719095477386873e+04	5.532404246300415858e-38
1.349256281407035203e+04	5.298928923150260708e-38
1.356793467336683352e+04	4.703772126872715416e-38
1.364330653266331683e+04	5.836745691750265933e-38
1.371867839195979832e+04	5.104219316632877485e-38
1.379405025125628163e+04	5.611257327256277691e-38
1.386942211055276312e+04	5.582172825433675810e-38
1.394479396984924642e+04	4.704363433032711154e-38
1.402016582914572791e+04	3.590681161911095407e-38
1.409553768844221122e+04	4.243456430300450177e-38
1.417090954773869271e+04	3.979442428529232221e-38
1.424628140703517602e+04	2.050391666809123830e-38
1.432165326633165751e+04	4.355942334149383342e-38
1.439702512562814081e+04	3.997130180324948881e-38
1.447239698492462412e+04	4.453412542469667023e-38
1.454776884422110561e+04	3.578186931858354774e-38
1.462314070351758892e+04	4.450379995551344930e-38
1.469851256281407041e+04	3.607970725690492481e-38
1.477388442211055371e+04	3.069599129336881929e-38
1.484925628140703520e+04	2.532728313387996400e-38
1.492462814070351851e+04	3.242929364525661716e-38
1.500000000000000000e+04	3.301714072343577438e-38
