# Chain:	[4218.4, 3157.51, 2841.2, 2640.63, 2510.15, 2338.06, 1170.4, 690.146, 571.1538, 41.5575]
# Electron_projectile_energy, keV	cross_section, cm^2
1.000000000000000000e+00	0.000000000000000000e+00
7.637185929648241256e+01	0.000000000000000000e+00
1.517437185929648251e+02	0.000000000000000000e+00
2.271155778894472519e+02	0.000000000000000000e+00
3.024874371859296502e+02	0.000000000000000000e+00
3.778592964824120486e+02	0.000000000000000000e+00
4.532311557788945038e+02	0.000000000000000000e+00
5.286030150753769021e+02	0.000000000000000000e+00
6.039748743718593005e+02	0.000000000000000000e+00
6.793467336683416988e+02	0.000000000000000000e+00
7.547185929648240972e+02	0.000000000000000000e+00
8.300904522613064955e+02	0.000000000000000000e+00
9.054623115577890076e+02	0.000000000000000000e+00
9.808341708542714059e+02	0.000000000000000000e+00
1.056206030150753804e+03	0.000000000000000000e+00
1.131577889447236203e+03	0.000000000000000000e+00
1.206949748743718601e+03	1.294631988055157771e-25
1.282321608040200999e+03	9.227310835532370147e-27
1.357693467336683398e+03	2.712368480641354150e-26
1.433065326633165796e+03	7.998160975539265299e-32
1.508437185929648194e+03	2.249768685654278127e-29
1.583809045226130593e+03	1.036593202420606945e-25
1.659180904522612991e+03	1.772170325878022276e-28
1.734552763819095389e+03	2.312377871866020290e-29
1.809924623115578015e+03	4.312838370480611782e-28
1.885296482412060413e+03	5.394531778496220393e-29
1.960668341708542812e+03	5.997745027937719996e-31
2.036040201005025210e+03	8.414955273015023153e-31
2.111412060301507609e+03	7.145505147489149372e-30
2.186783919597990007e+03	5.349516776222724887e-29
2.262155778894472405e+03	4.975621042321200797e-30
2.337527638190954804e+03	1.016686893137674131e-29
2.412899497487437202e+03	1.335958630044140267e-30
2.488271356783919600e+03	2.912271122476937398e-29
2.563643216080401999e+03	1.423866263801793586e-30
2.639015075376884397e+03	2.256648172542973220e-31
2.714386934673366795e+03	1.217977041381816969e-31
2.789758793969849194e+03	2.462646073612686421e-31
2.865130653266331592e+03	6.792638444337846552e-32
2.940502512562813990e+03	6.969028118900128374e-32
3.015874371859296389e+03	3.448626713578695716e-31
3.091246231155778787e+03	6.807112896737361401e-30
3.166618090452261185e+03	1.792266558517702766e-30
3.241989949748743584e+03	1.552527791372389317e-31
3.317361809045225982e+03	5.923138909457802304e-32
3.392733668341708380e+03	4.324633759931981841e-32
3.468105527638190779e+03	4.184976865792830407e-32
3.543477386934673177e+03	5.959768297870077362e-32
3.618849246231156030e+03	8.762834822727709600e-32
3.694221105527638429e+03	2.197102526276688585e-31
3.769592964824120827e+03	3.987181708990503153e-29
3.844964824120603225e+03	3.240694636157006814e-31
3.920336683417085624e+03	7.963343663647545229e-32
3.995708542713568022e+03	3.739458057829795244e-32
4.071080402010050420e+03	2.290325354526633525e-32
4.146452261306532819e+03	1.043018168344138532e-32
4.221824120603015217e+03	2.075237934110260673e-32
4.297195979899497615e+03	1.536224547952102235e-32
4.372567839195980014e+03	1.406365657331392438e-32
4.447939698492462412e+03	2.030571312261686661e-32
4.523311557788944810e+03	1.499149969826383506e-32
4.598683417085427209e+03	5.236816666722535654e-32
4.674055276381909607e+03	3.991430570172537998e-31
4.749427135678392006e+03	1.180712474679181027e-29
4.824798994974874404e+03	3.512465238875829766e-31
4.900170854271356802e+03	5.041086429810947786e-32
4.975542713567839201e+03	1.763359755007977395e-32
5.050914572864321599e+03	8.449509265448325137e-33
5.126286432160803997e+03	4.596365632093829943e-33
5.201658291457286396e+03	3.119989014147320131e-33
5.277030150753768794e+03	1.907800603684422841e-33
5.352402010050251192e+03	1.234374540932398978e-33
5.427773869346733591e+03	9.082031802989399712e-34
5.503145728643215989e+03	6.820504444392433941e-34
5.578517587939698387e+03	5.504229027742168073e-34
5.653889447236180786e+03	4.160064801601946421e-34
5.729261306532663184e+03	2.840653732308288729e-34
5.804633165829145582e+03	2.381194946933652934e-34
5.880005025125627981e+03	2.145325145495333115e-34
5.955376884422110379e+03	1.854518085242797604e-34
6.030748743718592777e+03	1.024140836071976032e-34
6.106120603015075176e+03	1.130896243898063203e-34
6.181492462311557574e+03	1.019121777402956951e-34
6.256864321608039972e+03	5.884737893361332151e-35
6.332236180904522371e+03	5.748704648658314747e-35
6.407608040201004769e+03	4.515572412532091966e-35
6.482979899497487168e+03	3.843024860261703292e-35
6.558351758793969566e+03	4.682843536664441914e-35
6.633723618090451964e+03	3.225398836903350010e-35
6.709095477386934363e+03	2.164214747972777657e-35
6.784467336683416761e+03	2.942915458554413831e-35
6.859839195979899159e+03	2.181718286754378728e-35
6.935211055276381558e+03	2.186367541922387822e-35
7.010582914572863956e+03	1.552594628711467202e-35
7.085954773869346354e+03	1.425873499598748066e-35
7.161326633165828753e+03	1.233710688883337540e-35
7.236698492462312061e+03	9.550059264543227780e-36
7.312070351758794459e+03	1.151191037925614178e-35
7.387442211055276857e+03	7.979122381041855335e-36
7.462814070351759256e+03	7.506180073536528980e-36
7.538185929648241654e+03	5.478603419552468385e-36
7.613557788944724052e+03	3.592177463622735474e-36
7.688929648241206451e+03	4.163520344036554241e-36
7.764301507537688849e+03	3.229315129567341139e-36
7.839673366834171247e+03	5.850417498868968464e-36
7.915045226130653646e+03	3.011602004600983091e-36
7.990417085427136044e+03	2.622308740520245110e-36
8.065788944723618442e+03	2.927551790443922139e-36
8.141160804020100841e+03	3.322602669701219369e-36
8.216532663316582330e+03	2.998659887241403885e-36
8.291904522613065637e+03	2.969479202610762805e-36
8.367276381909547126e+03	1.642528263356005083e-36
8.442648241206030434e+03	1.262573875206750979e-36
8.518020100502511923e+03	1.925787075872499379e-36
8.593391959798995231e+03	2.014893016238951781e-36
8.668763819095476720e+03	1.330830594055284635e-36
8.744135678391960028e+03	1.470820421052674735e-36
8.819507537688441516e+03	1.080580647420686649e-36
8.894879396984924824e+03	1.163257564637580356e-36
8.970251256281406313e+03	1.090986826179308726e-36
9.045623115577889621e+03	1.364201571710927938e-36
9.120994974874371110e+03	7.581385430450465353e-37
9.196366834170854418e+03	7.303667767493627665e-37
9.271738693467335906e+03	5.586535348338115963e-37
9.347110552763819214e+03	8.035259501056725349e-37
9.422482412060300703e+03	8.106130498876717486e-37
9.497854271356784011e+03	9.946418851778723960e-37
9.573226130653265500e+03	5.990865934273994282e-37
9.648597989949748808e+03	5.174273070405359586e-37
9.723969849246232116e+03	5.505630073078669646e-37
9.799341708542713604e+03	2.969618687876819964e-37
9.874713567839196912e+03	2.400135577895414733e-37
9.950085427135678401e+03	5.572963530275314270e-37
1.002545728643216171e+04	3.023251957894488863e-37
1.010082914572864320e+04	4.686063084215277955e-37
1.017620100502512651e+04	4.555695953859403383e-37
1.025157286432160799e+04	3.147834707396492729e-37
1.032694472361809130e+04	2.593362864721867282e-37
1.040231658291457279e+04	3.367822742328206952e-37
1.047768844221105610e+04	3.772850985613716336e-37
1.055306030150753759e+04	3.473871696551219772e-37
1.062843216080402090e+04	2.323890758966616297e-37
1.070380402010050238e+04	2.973017507149260601e-37
1.077917587939698569e+04	3.644304143611058996e-37
1.085454773869346718e+04	2.698774005574924295e-37
1.092991959798995049e+04	2.354388058556818829e-37
1.100529145728643198e+04	2.025004105637755675e-37
1.108066331658291529e+04	2.517313822047487700e-37
1.115603517587939677e+04	2.291568835180542762e-37
1.123140703517588008e+04	2.011392258804880367e-37
1.130677889447236157e+04	2.352698238245218364e-37
1.138215075376884488e+04	2.296452258170422692e-37
1.145752261306532637e+04	1.730564306092191021e-37
1.153289447236180968e+04	1.682802602174918940e-37
1.160826633165829116e+04	1.313454267079115796e-37
1.168363819095477447e+04	2.423277481683098502e-37
1.175901005025125596e+04	2.112625789528428113e-37
1.183438190954773927e+04	1.512947676386570328e-37
1.190975376884422076e+04	1.822517740980696175e-37
1.198512562814070407e+04	1.180323718841813662e-37
1.206049748743718555e+04	1.488107642098202160e-37
1.213586934673366886e+04	1.103318673847996512e-37
1.221124120603015035e+04	1.328260164109640151e-37
1.228661306532663366e+04	1.219611161946549772e-37
1.236198492462311515e+04	1.246477937817072408e-37
1.243735678391959846e+04	9.620040057413330480e-38
1.251272864321607994e+04	7.978641885829983483e-38
1.258810050251256325e+04	8.943243857803278948e-38
1.266347236180904474e+04	1.019324071354724597e-37
1.273884422110552805e+04	9.128448025787519460e-38
1.281421608040200954e+04	8.874726847561240995e-38
1.288958793969849285e+04	6.389650592264899866e-38
1.296495979899497434e+04	1.027553041287151172e-37
1.304033165829145764e+04	9.140188098964199114e-38
1.311570351758793913e+04	6.076690724398936656e-38
1.319107537688442244e+04	1.017518632431096924e-37
1.326644723618090393e+04	7.385663595907867360e-38
1.334181909547738724e+04	8.966070593626065476e-38
1.341719095477386873e+04	7.431825940059264591e-38
1.349256281407035203e+04	7.242822435592252849e-38
1.356793467336683352e+04	6.579411790401124584e-38
1.364330653266331683e+04	7.563363564269168808e-38
1.371867839195979832e+04	6.930520423993719148e-38
1.379405025125628163e+04	7.350901045470266547e-38
1.386942211055276312e+04	7.277431579446752242e-38
1.394479396984924642e+04	6.427920316343106236e-38
1.402016582914572791e+04	5.180043773455635251e-38
1.409553768844221122e+04	5.920805455021873489e-38
1.417090954773869271e+04	5.557121490529643184e-38
1.424628140703517602e+04	3.418230333065090708e-38
1.432165326633165751e+04	5.866139805519690126e-38
1.439702512562814081e+04	5.544128508745129852e-38
1.447239698492462412e+04	5.900428550461012277e-38
1.454776884422110561e+04	5.033869374456430845e-38
1.462314070351758892e+04	5.889273817070979677e-38
1.469851256281407041e+04	4.940407793402551720e-38
1.477388442211055371e+04	4.392701816375864193e-38
1.484925628140703520e+04	3.805767313094391182e-38
1.492462814070351851e+04	4.524930425282378022e-38
1.500000000000000000e+04	4.516570939131890163e-38
