# Chain:	[2841.2, 2640.63, 2510.15, 2338.06, 1170.4, 561.9585, 41.5575]
# Electron_projectile_energy, keV	cross_section, cm^2
1.000000000000000000e+00	0.000000000000000000e+00
7.637185929648241256e+01	0.000000000000000000e+00
1.517437185929648251e+02	0.000000000000000000e+00
2.271155778894472519e+02	0.000000000000000000e+00
3.024874371859296502e+02	0.000000000000000000e+00
3.778592964824120486e+02	0.000000000000000000e+00
4.532311557788945038e+02	0.000000000000000000e+00
5.286030150753769021e+02	0.000000000000000000e+00
6.039748743718593005e+02	0.000000000000000000e+00
6.793467336683416988e+02	0.000000000000000000e+00
7.547185929648240972e+02	0.000000000000000000e+00
8.300904522613064955e+02	0.000000000000000000e+00
9.054623115577890076e+02	0.000000000000000000e+00
9.808341708542714059e+02	0.000000000000000000e+00
1.056206030150753804e+03	0.000000000000000000e+00
1.131577889447236203e+03	0.000000000000000000e+00
1.206949748743718601e+03	6.373669488349086991e-26
1.282321608040200999e+03	4.542744971124559386e-27
1.357693467336683398e+03	1.335340110991218619e-26
1.433065326633165796e+03	3.937615866365190680e-32
1.508437185929648194e+03	1.107595220873453274e-29
1.583809045226130593e+03	8.757952321606824855e-26
1.659180904522612991e+03	1.679992032266785256e-28
1.734552763819095389e+03	2.278247635528216759e-29
1.809924623115578015e+03	4.312169843497021910e-28
1.885296482412060413e+03	5.393906663264114000e-29
1.960668341708542812e+03	5.920468291610082463e-31
2.036040201005025210e+03	8.237881844211616643e-31
2.111412060301507609e+03	7.119444881740748009e-30
2.186783919597990007e+03	5.345255187299890959e-29
2.262155778894472405e+03	4.910829792632485254e-30
2.337527638190954804e+03	1.006678184015468976e-29
2.412899497487437202e+03	9.778721915060947347e-31
2.488271356783919600e+03	1.441504598065414693e-29
2.563643216080401999e+03	7.271445842612431744e-31
2.639015075376884397e+03	1.180851642290139881e-31
2.714386934673366795e+03	6.419735166733161654e-32
2.789758793969849194e+03	1.224583312592308214e-31
2.865130653266331592e+03	3.545503628560071262e-32
2.940502512562813990e+03	3.780222421149838623e-32
3.015874371859296389e+03	1.728395674734931404e-31
3.091246231155778787e+03	3.356658943304684252e-30
3.166618090452261185e+03	8.876304792771404197e-31
3.241989949748743584e+03	8.399011452184571040e-32
3.317361809045225982e+03	3.846821816993663644e-32
3.392733668341708380e+03	3.371619777583090573e-32
3.468105527638190779e+03	3.673328222860370954e-32
3.543477386934673177e+03	5.681135796137909072e-32
3.618849246231156030e+03	8.592251920723269888e-32
3.694221105527638429e+03	2.184716254738884330e-31
3.769592964824120827e+03	3.987089209228258732e-29
3.844964824120603225e+03	3.235392290724018101e-31
3.920336683417085624e+03	7.924249932723504553e-32
3.995708542713568022e+03	3.711312576649965010e-32
4.071080402010050420e+03	2.266776020921760486e-32
4.146452261306532819e+03	1.025803821009660027e-32
4.221824120603015217e+03	2.063556858461681089e-32
4.297195979899497615e+03	1.525493882802200120e-32
4.372567839195980014e+03	1.398467224191378935e-32
4.447939698492462412e+03	2.024395348563969396e-32
4.523311557788944810e+03	1.493185943244050444e-32
4.598683417085427209e+03	5.233113324920551922e-32
4.674055276381909607e+03	3.991179419466031760e-31
4.749427135678392006e+03	1.180709982922261906e-29
4.824798994974874404e+03	3.512207899777398714e-31
4.900170854271356802e+03	5.039056906333222099e-32
4.975542713567839201e+03	1.761506564730099127e-32
5.050914572864321599e+03	8.439286521936887480e-33
5.126286432160803997e+03	4.587906405721421290e-33
5.201658291457286396e+03	3.110904371889121370e-33
5.277030150753768794e+03	1.902377910720183886e-33
5.352402010050251192e+03	1.228937827572796545e-33
5.427773869346733591e+03	9.052780924918978297e-34
5.503145728643215989e+03	6.783985398448148939e-34
5.578517587939698387e+03	5.457785360122651130e-34
5.653889447236180786e+03	4.123794709996141145e-34
5.729261306532663184e+03	2.824590877799757648e-34
5.804633165829145582e+03	2.358899830793642339e-34
5.880005025125627981e+03	2.121423343849901859e-34
5.955376884422110379e+03	1.840982827115812810e-34
6.030748743718592777e+03	1.002718859548209210e-34
6.106120603015075176e+03	1.121245902217078878e-34
6.181492462311557574e+03	1.004297337831191148e-34
6.256864321608039972e+03	5.774562374475506760e-35
6.332236180904522371e+03	5.633299050609782967e-35
6.407608040201004769e+03	4.453950419713600808e-35
6.482979899497487168e+03	3.769163944219612681e-35
6.558351758793969566e+03	4.584223240719832086e-35
6.633723618090451964e+03	3.149671489382170814e-35
6.709095477386934363e+03	2.106275024118589953e-35
6.784467336683416761e+03	2.859086318229769728e-35
6.859839195979899159e+03	2.120688078850447689e-35
6.935211055276381558e+03	2.152198430312720007e-35
7.010582914572863956e+03	1.492169522742086666e-35
7.085954773869346354e+03	1.371816779406534777e-35
7.161326633165828753e+03	1.184146148535858686e-35
7.236698492462312061e+03	9.127248256849967756e-36
7.312070351758794459e+03	1.108788455160608421e-35
7.387442211055276857e+03	7.517396162791942446e-36
7.462814070351759256e+03	7.282450234867832868e-36
7.538185929648241654e+03	5.104456872190607121e-36
7.613557788944724052e+03	3.321812376331237543e-36
7.688929648241206451e+03	3.873243325960610802e-36
7.764301507537688849e+03	2.874644998578934328e-36
7.839673366834171247e+03	5.678414745624413849e-36
7.915045226130653646e+03	2.814480813843643377e-36
7.990417085427136044e+03	2.394670771723289147e-36
8.065788944723618442e+03	2.728928797130646730e-36
8.141160804020100841e+03	3.169822252160522055e-36
8.216532663316582330e+03	2.869834342573783904e-36
8.291904522613065637e+03	2.836244302616810922e-36
8.367276381909547126e+03	1.512077674387287060e-36
8.442648241206030434e+03	1.095706744199202466e-36
8.518020100502511923e+03	1.738139436573839219e-36
8.593391959798995231e+03	1.862220436335723611e-36
8.668763819095476720e+03	1.179752058186177840e-36
8.744135678391960028e+03	1.385076478020612313e-36
8.819507537688441516e+03	9.654364426373752689e-37
8.894879396984924824e+03	1.035293723028397279e-36
8.970251256281406313e+03	9.514157981412731268e-37
9.045623115577889621e+03	1.274735214913038786e-36
9.120994974874371110e+03	6.319547862323044983e-37
9.196366834170854418e+03	6.156353724687034209e-37
9.271738693467335906e+03	4.616017904911521717e-37
9.347110552763819214e+03	6.958382692712753966e-37
9.422482412060300703e+03	7.186895658117000304e-37
9.497854271356784011e+03	8.859955103772306698e-37
9.573226130653265500e+03	4.808252539562159129e-37
9.648597989949748808e+03	4.429436954338664354e-37
9.723969849246232116e+03	4.670764025579978047e-37
9.799341708542713604e+03	2.222825893347751045e-37
9.874713567839196912e+03	1.699368719969682417e-37
9.950085427135678401e+03	4.707724003708022326e-37
1.002545728643216171e+04	2.433409915592036259e-37
1.010082914572864320e+04	4.076451776633456555e-37
1.017620100502512651e+04	3.998934960504775872e-37
1.025157286432160799e+04	2.514171674730247658e-37
1.032694472361809130e+04	1.918691244332499336e-37
1.040231658291457279e+04	2.712310656047067245e-37
1.047768844221105610e+04	3.222004681542107643e-37
1.055306030150753759e+04	2.942020460585209809e-37
1.062843216080402090e+04	1.822812174065858337e-37
1.070380402010050238e+04	2.388985055018891329e-37
1.077917587939698569e+04	3.146232174614852409e-37
1.085454773869346718e+04	2.248922990587251379e-37
1.092991959798995049e+04	1.879729985037421844e-37
1.100529145728643198e+04	1.668612841509814411e-37
1.108066331658291529e+04	2.021863990428277225e-37
1.115603517587939677e+04	1.813874672883568960e-37
1.123140703517588008e+04	1.600048042534617691e-37
1.130677889447236157e+04	1.879830529698840473e-37
1.138215075376884488e+04	1.911086845106769155e-37
1.145752261306532637e+04	1.344562076223452969e-37
1.153289447236180968e+04	1.332784176987967372e-37
1.160826633165829116e+04	9.231673094531805765e-38
1.168363819095477447e+04	2.140321498232215163e-37
1.175901005025125596e+04	1.814618683348680793e-37
1.183438190954773927e+04	1.223868330942753601e-37
1.190975376884422076e+04	1.534269117755569028e-37
1.198512562814070407e+04	9.284729794348815344e-38
1.206049748743718555e+04	1.256061416812831295e-37
1.213586934673366886e+04	8.836545679929784037e-38
1.221124120603015035e+04	1.075325812267150716e-37
1.228661306532663366e+04	9.632960635120186459e-38
1.236198492462311515e+04	9.863638384329604392e-38
1.243735678391959846e+04	7.699565721587389825e-38
1.251272864321607994e+04	5.555130112492264695e-38
1.258810050251256325e+04	6.686855428293312480e-38
1.266347236180904474e+04	7.262006960573921072e-38
1.273884422110552805e+04	6.681711866562703693e-38
1.281421608040200954e+04	6.717510083239669894e-38
1.288958793969849285e+04	4.211073548823444884e-38
1.296495979899497434e+04	8.178261059502441924e-38
1.304033165829145764e+04	7.268808121670026938e-38
1.311570351758793913e+04	4.396470705654981678e-38
1.319107537688442244e+04	8.183713382473823684e-38
1.326644723618090393e+04	5.613285310005376715e-38
1.334181909547738724e+04	7.227177278809053968e-38
1.341719095477386873e+04	5.871069739978975551e-38
1.349256281407035203e+04	5.645523709454360383e-38
1.356793467336683352e+04	5.038197302018992297e-38
1.364330653266331683e+04	6.144600390952771701e-38
1.371867839195979832e+04	5.429847463432694348e-38
1.379405025125628163e+04	5.921434525184262930e-38
1.386942211055276312e+04	5.884436216826545963e-38
1.394479396984924642e+04	5.011672360106334235e-38
1.402016582914572791e+04	3.874063348837573328e-38
1.409553768844221122e+04	4.542526530107709735e-38
1.417090954773869271e+04	4.260741447148597543e-38
1.424628140703517602e+04	2.294276296905916814e-38
1.432165326633165751e+04	4.625209434695973786e-38
1.439702512562814081e+04	4.272958846668929387e-38
1.447239698492462412e+04	4.711414434475742705e-38
1.454776884422110561e+04	3.837734042792995307e-38
1.462314070351758892e+04	4.706933707671812830e-38
1.469851256281407041e+04	3.845543276754348350e-38
1.477388442211055371e+04	3.305507367178866178e-38
1.484925628140703520e+04	2.759710232529099600e-38
1.492462814070351851e+04	3.471509212573208044e-38
1.500000000000000000e+04	3.518322159895455253e-38
