# Chain:	[4870.0, 4218.4, 3603.06, 2841.2, 2640.63, 2510.15, 2338.06, 1170.4, 561.9585]
# Electron_projectile_energy, keV	cross_section, cm^2
1.000000000000000000e+00	0.000000000000000000e+00
7.637185929648241256e+01	0.000000000000000000e+00
1.517437185929648251e+02	0.000000000000000000e+00
2.271155778894472519e+02	0.000000000000000000e+00
3.024874371859296502e+02	0.000000000000000000e+00
3.778592964824120486e+02	0.000000000000000000e+00
4.532311557788945038e+02	0.000000000000000000e+00
5.286030150753769021e+02	0.000000000000000000e+00
6.039748743718593005e+02	0.000000000000000000e+00
6.793467336683416988e+02	0.000000000000000000e+00
7.547185929648240972e+02	0.000000000000000000e+00
8.300904522613064955e+02	0.000000000000000000e+00
9.054623115577890076e+02	0.000000000000000000e+00
9.808341708542714059e+02	0.000000000000000000e+00
1.056206030150753804e+03	0.000000000000000000e+00
1.131577889447236203e+03	0.000000000000000000e+00
1.206949748743718601e+03	9.785556689712113340e-26
1.282321608040200999e+03	6.974520489821997473e-27
1.357693467336683398e+03	2.050160646082650234e-26
1.433065326633165796e+03	6.045459896071102983e-32
1.508437185929648194e+03	1.700501703598497197e-29
1.583809045226130593e+03	1.042531544561424957e-25
1.659180904522612991e+03	1.911824400854456896e-28
1.734552763819095389e+03	2.555657207766410136e-29
1.809924623115578015e+03	4.811222632172645029e-28
1.885296482412060413e+03	6.018064290792391521e-29
1.960668341708542812e+03	6.636724736066090864e-31
2.036040201005025210e+03	9.262800240641690345e-31
2.111412060301507609e+03	7.953542846933636406e-30
2.186783919597990007e+03	5.965265205030020595e-29
2.262155778894472405e+03	5.505222402085150366e-30
2.337527638190954804e+03	1.127191711689741708e-29
2.412899497487437202e+03	1.236699594050776858e-30
2.488271356783919600e+03	2.206750535239562787e-29
2.563643216080401999e+03	1.094774096688975875e-30
2.639015075376884397e+03	1.755220309864080212e-31
2.714386934673366795e+03	9.506267288197988938e-32
2.789758793969849194e+03	1.870042523507778864e-31
2.865130653266331592e+03	5.276985770704535454e-32
2.940502512562813990e+03	5.515117759810271248e-32
3.015874371859296389e+03	2.628342189740591019e-31
3.091246231155778787e+03	5.149035909325420876e-30
3.166618090452261185e+03	1.358431223641375526e-30
3.241989949748743584e+03	1.227045325434253866e-31
3.317361809045225982e+03	5.136707477186321691e-32
3.392733668341708380e+03	4.149425760243853977e-32
3.468105527638190779e+03	4.306424246491460652e-32
3.543477386934673177e+03	6.451648263092311790e-32
3.618849246231156030e+03	9.655518413491674782e-32
3.694221105527638429e+03	2.442458794205182418e-31
3.769592964824120827e+03	4.448306112976363703e-29
3.844964824120603225e+03	3.611781877523719720e-31
3.920336683417085624e+03	8.856742018325665837e-32
3.995708542713568022e+03	4.152046709937529565e-32
4.071080402010050420e+03	2.538552928660313658e-32
4.146452261306532819e+03	1.151461818823286288e-32
4.221824120603015217e+03	2.306998143300996099e-32
4.297195979899497615e+03	1.706311657211111077e-32
4.372567839195980014e+03	1.563439518217131153e-32
4.447939698492462412e+03	2.261066658326847734e-32
4.523311557788944810e+03	1.668326994792939071e-32
4.598683417085427209e+03	5.839924928488632681e-32
4.674055276381909607e+03	4.452933991282336051e-31
4.749427135678392006e+03	1.317281545036950795e-29
4.824798994974874404e+03	3.918563236760881158e-31
4.900170854271356802e+03	5.622741222427982625e-32
4.975542713567839201e+03	1.966010915532453318e-32
5.050914572864321599e+03	9.419603259168676383e-33
5.126286432160803997e+03	5.122023460636337618e-33
5.201658291457286396e+03	3.474433828153935011e-33
5.277030150753768794e+03	2.124629154321860683e-33
5.352402010050251192e+03	1.373299203072189262e-33
5.427773869346733591e+03	1.011180268698390105e-33
5.503145728643215989e+03	7.583537451093223837e-34
5.578517587939698387e+03	6.107976996751246258e-34
5.653889447236180786e+03	4.615546098620123254e-34
5.729261306532663184e+03	3.157842674612856091e-34
5.804633165829145582e+03	2.640822142003850264e-34
5.880005025125627981e+03	2.376531007653472494e-34
5.955376884422110379e+03	2.059433919877569170e-34
6.030748743718592777e+03	1.127418903662593482e-34
6.106120603015075176e+03	1.254865433672594642e-34
6.181492462311557574e+03	1.126495177754724409e-34
6.256864321608039972e+03	6.487329892050269207e-35
6.332236180904522371e+03	6.331855214093948322e-35
6.407608040201004769e+03	4.994206945125747555e-35
6.482979899497487168e+03	4.235192954167590708e-35
6.558351758793969566e+03	5.154604172825141266e-35
6.633723618090451964e+03	3.544804469152033578e-35
6.709095477386934363e+03	2.373481809808355161e-35
6.784467336683416761e+03	3.223904768368270611e-35
6.859839195979899159e+03	2.390819629254149889e-35
6.935211055276381558e+03	2.415043943042428473e-35
7.010582914572863956e+03	1.689355251334343974e-35
7.085954773869346354e+03	1.552489994236202711e-35
7.161326633165828753e+03	1.341283811766921145e-35
7.236698492462312061e+03	1.035503781400846352e-35
7.312070351758794459e+03	1.254295165182476679e-35
7.387442211055276857e+03	8.574813145237150246e-36
7.462814070351759256e+03	8.215841850939174371e-36
7.538185929648241654e+03	5.847134178327906973e-36
7.613557788944724052e+03	3.816061931351275368e-36
7.688929648241206451e+03	4.439378790172370198e-36
7.764301507537688849e+03	3.351478393722169157e-36
7.839673366834171247e+03	6.405220851869351265e-36
7.915045226130653646e+03	3.220242588447822310e-36
7.990417085427136044e+03	2.764292307525821217e-36
8.065788944723618442e+03	3.125406067076702887e-36
8.141160804020100841e+03	3.598641801700923448e-36
8.216532663316582330e+03	3.254206712118106681e-36
8.291904522613065637e+03	3.218525705278460655e-36
8.367276381909547126e+03	1.740062123088993595e-36
8.442648241206030434e+03	1.290349583864292585e-36
8.518020100502511923e+03	2.015547645916719104e-36
8.593391959798995231e+03	2.139748210094854050e-36
8.668763819095476720e+03	1.377691296200763933e-36
8.744135678391960028e+03	1.580178130622095014e-36
8.819507537688441516e+03	1.123963168680894295e-36
8.894879396984924824e+03	1.207117500354599989e-36
8.970251256281406313e+03	1.118260967541692045e-36
9.045623115577889621e+03	1.458588685930288510e-36
9.120994974874371110e+03	7.564007090408121316e-37
9.196366834170854418e+03	7.335332693544931575e-37
9.271738693467335906e+03	5.544883937177442577e-37
9.347110552763819214e+03	8.201467336548304950e-37
9.422482412060300703e+03	8.392261579148290560e-37
9.497854271356784011e+03	1.032689240785049528e-36
9.573226130653265500e+03	5.845663751283760505e-37
9.648597989949748808e+03	5.244883362126978231e-37
9.723969849246232116e+03	5.550760828123826607e-37
9.799341708542713604e+03	2.783833911102817378e-37
9.874713567839196912e+03	2.181099740700872536e-37
9.950085427135678401e+03	5.604356000343025978e-37
1.002545728643216171e+04	2.954906684034206028e-37
1.010082914572864320e+04	4.796041021052018145e-37
1.017620100502512651e+04	4.688051213528730144e-37
1.025157286432160799e+04	3.062842402483694699e-37
1.032694472361809130e+04	2.415171771856928257e-37
1.040231658291457279e+04	3.292790949531920128e-37
1.047768844221105610e+04	3.818847933105544727e-37
1.055306030150753759e+04	3.498748651511350516e-37
1.062843216080402090e+04	2.237561065266589163e-37
1.070380402010050238e+04	2.902979142765489748e-37
1.077917587939698569e+04	3.712835114565699814e-37
1.085454773869346718e+04	2.692112925855779190e-37
1.092991959798995049e+04	2.290310963023630317e-37
1.100529145728643198e+04	2.006647112573247830e-37
1.108066331658291529e+04	2.457346288795540291e-37
1.115603517587939677e+04	2.218073786024952674e-37
1.123140703517588008e+04	1.952513955539686647e-37
1.130677889447236157e+04	2.289694571214966108e-37
1.138215075376884488e+04	2.288958299279011247e-37
1.145752261306532637e+04	1.657163798778745007e-37
1.153289447236180968e+04	1.629380419366781510e-37
1.160826633165829116e+04	1.188770691345370169e-37
1.168363819095477447e+04	2.503033885691482147e-37
1.175901005025125596e+04	2.145782489582254138e-37
1.183438190954773927e+04	1.483068093604108043e-37
1.190975376884422076e+04	1.829034315621504441e-37
1.198512562814070407e+04	1.138355197713484789e-37
1.206049748743718555e+04	1.495775990543572554e-37
1.213586934673366886e+04	1.075254781491551476e-37
1.221124120603015035e+04	1.302635189442989689e-37
1.228661306532663366e+04	1.179022917963254778e-37
1.236198492462311515e+04	1.206304855088353566e-37
1.243735678391959846e+04	9.371672939676888076e-38
1.251272864321607994e+04	7.183899111020855956e-38
1.258810050251256325e+04	8.378520286675244898e-38
1.266347236180904474e+04	9.294818269878878747e-38
1.273884422110552805e+04	8.450241369580382953e-38
1.281421608040200954e+04	8.372364059535233129e-38
1.288958793969849285e+04	5.584704923875381346e-38
1.296495979899497434e+04	9.977682572137714038e-38
1.304033165829145764e+04	8.871112076257026687e-38
1.311570351758793913e+04	5.588746566803590577e-38
1.319107537688442244e+04	9.940713049339868308e-38
1.326644723618090393e+04	6.983810510603575323e-38
1.334181909547738724e+04	8.770752105970106949e-38
1.341719095477386873e+04	7.185295470644334213e-38
1.349256281407035203e+04	6.948531463205852608e-38
1.356793467336683352e+04	6.248133961081789000e-38
1.364330653266331683e+04	7.432682649258186361e-38
1.371867839195979832e+04	6.668587715187525959e-38
1.379405025125628163e+04	7.188059190108760012e-38
1.386942211055276312e+04	7.131939881216177320e-38
1.394479396984924642e+04	6.167687384994542569e-38
1.402016582914572791e+04	4.853621264121367573e-38
1.409553768844221122e+04	5.628825306256430659e-38
1.417090954773869271e+04	5.281118952356514355e-38
1.424628140703517602e+04	3.017029828027307333e-38
1.432165326633165751e+04	5.665179740483642244e-38
1.439702512562814081e+04	5.284490471500007484e-38
1.447239698492462412e+04	5.740229253242472892e-38
1.454776884422110561e+04	4.768389748785474210e-38
1.462314070351758892e+04	5.732514346813763188e-38
1.469851256281407041e+04	4.735891390550423925e-38
1.477388442211055371e+04	4.130269285865400067e-38
1.484925628140703520e+04	3.504600472680374846e-38
1.492462814070351851e+04	4.301728669213681283e-38
1.500000000000000000e+04	4.331504662854260817e-38
