# Chain:	[1529.14, 690.146, 561.9585]
# Electron_projectile_energy, keV	cross_section, cm^2
1.000000000000000000e+00	0.000000000000000000e+00
7.637185929648241256e+01	0.000000000000000000e+00
1.517437185929648251e+02	0.000000000000000000e+00
2.271155778894472519e+02	0.000000000000000000e+00
3.024874371859296502e+02	0.000000000000000000e+00
3.778592964824120486e+02	0.000000000000000000e+00
4.532311557788945038e+02	0.000000000000000000e+00
5.286030150753769021e+02	0.000000000000000000e+00
6.039748743718593005e+02	0.000000000000000000e+00
6.793467336683416988e+02	0.000000000000000000e+00
7.547185929648240972e+02	0.000000000000000000e+00
8.300904522613064955e+02	0.000000000000000000e+00
9.054623115577890076e+02	0.000000000000000000e+00
9.808341708542714059e+02	0.000000000000000000e+00
1.056206030150753804e+03	0.000000000000000000e+00
1.131577889447236203e+03	0.000000000000000000e+00
1.206949748743718601e+03	4.569945874818619748e-29
1.282321608040200999e+03	3.257165856982805041e-30
1.357693467336683398e+03	9.574440662257835348e-30
1.433065326633165796e+03	2.823285929402175644e-35
1.508437185929648194e+03	7.941500920077557307e-33
1.583809045226130593e+03	5.671192785906501655e-29
1.659180904522612991e+03	1.070153218265324062e-31
1.734552763819095389e+03	1.443795016801132201e-32
1.809924623115578015e+03	2.727514813972819839e-31
1.885296482412060413e+03	3.411712957745608756e-32
1.960668341708542812e+03	3.751045774563810329e-34
2.036040201005025210e+03	5.224994240830660738e-34
2.111412060301507609e+03	4.505205152805172991e-33
2.186783919597990007e+03	3.381238739749653140e-32
2.262155778894472405e+03	3.111423376626956132e-33
2.337527638190954804e+03	6.375470360166931686e-33
2.412899497487437202e+03	6.478496206916831835e-34
2.488271356783919600e+03	1.032274580307110754e-32
2.563643216080401999e+03	5.170123914252432110e-34
2.639015075376884397e+03	8.350458817340696509e-35
2.714386934673366795e+03	4.532494601527303209e-35
2.789758793969849194e+03	8.760028381979776381e-35
2.865130653266331592e+03	2.508620686404780435e-35
2.940502512562813990e+03	2.652301358458405902e-35
3.015874371859296389e+03	1.234175842558966109e-34
3.091246231155778787e+03	2.405836407616230889e-33
3.166618090452261185e+03	6.355572745338956252e-34
3.241989949748743584e+03	5.896345431715852332e-35
3.317361809045225982e+03	2.603265254493871031e-35
3.392733668341708380e+03	2.210651988065133189e-35
3.468105527638190779e+03	2.365316755886778838e-35
3.543477386934673177e+03	3.616166924014092893e-35
3.618849246231156030e+03	5.448602498402088025e-35
3.694221105527638429e+03	1.382854383934191634e-34
3.769592964824120827e+03	2.521853161121060468e-32
3.844964824120603225e+03	2.046829571789773162e-34
3.920336683417085624e+03	5.015314698925584349e-35
3.995708542713568022e+03	2.349722374232749177e-35
4.071080402010050420e+03	1.435672158368035604e-35
4.146452261306532819e+03	6.502345074063782961e-36
4.221824120603015217e+03	1.306162925852647583e-35
4.297195979899497615e+03	9.657586413901353839e-36
4.372567839195980014e+03	8.851818274618906996e-36
4.447939698492462412e+03	1.280942052135700845e-35
4.523311557788944810e+03	9.449331835169280900e-36
4.598683417085427209e+03	3.310262939613627372e-35
4.674055276381909607e+03	2.524453231355026569e-34
4.749427135678392006e+03	7.468027202863324610e-33
4.824798994974874404e+03	2.221502851931892053e-34
4.900170854271356802e+03	3.187384530178622587e-35
4.975542713567839201e+03	1.114309907682451669e-35
5.050914572864321599e+03	5.338711078191702796e-36
5.126286432160803997e+03	2.902557387337796030e-36
5.201658291457286396e+03	1.968400531117809671e-36
5.277030150753768794e+03	1.203703940868024948e-36
5.352402010050251192e+03	7.777522682879600161e-37
5.427773869346733591e+03	5.728307300053585938e-37
5.503145728643215989e+03	4.293883070473405809e-37
5.578517587939698387e+03	3.455870920130934381e-37
5.653889447236180786e+03	2.611284282720518948e-37
5.729261306532663184e+03	1.787878223202653214e-37
5.804633165829145582e+03	1.493837963369566238e-37
5.880005025125627981e+03	1.343765047382600759e-37
5.955376884422110379e+03	1.165536137191616052e-37
6.030748743718592777e+03	6.359779866525352153e-38
6.106120603015075176e+03	7.099820871009079616e-38
6.181492462311557574e+03	6.364357582178039930e-38
6.256864321608039972e+03	3.661455673331276075e-38
6.332236180904522371e+03	3.572534775252327287e-38
6.407608040201004769e+03	2.822186139790013135e-38
6.482979899497487168e+03	2.390059583484068891e-38
6.558351758793969566e+03	2.907615824003351718e-38
6.633723618090451964e+03	1.998381735256951887e-38
6.709095477386934363e+03	1.336972853066104520e-38
6.784467336683416761e+03	1.815249648432472929e-38
6.859839195979899159e+03	1.346342395197244568e-38
6.935211055276381558e+03	1.364071711534823718e-38
7.010582914572863956e+03	9.487529871922315409e-39
7.085954773869346354e+03	8.721076818932885605e-39
7.161326633165828753e+03	7.530373574614060816e-39
7.236698492462312061e+03	5.807657518986530989e-39
7.312070351758794459e+03	7.047865253240126234e-39
7.387442211055276857e+03	4.792610183754687625e-39
7.462814070351759256e+03	4.624504110878902404e-39
7.538185929648241654e+03	3.259242505719991999e-39
7.613557788944724052e+03	2.123210508324326462e-39
7.688929648241206451e+03	2.473623835218441929e-39
7.764301507537688849e+03	1.847284024781572509e-39
7.839673366834171247e+03	3.605708312867554150e-39
7.915045226130653646e+03	1.796320002829323421e-39
7.990417085427136044e+03	1.533289553672877351e-39
8.065788944723618442e+03	1.742331164026305654e-39
8.141160804020100841e+03	2.017441094911777188e-39
8.216532663316582330e+03	1.825734936018423232e-39
8.291904522613065637e+03	1.804850452405497443e-39
8.367276381909547126e+03	9.670830345314839058e-40
8.442648241206030434e+03	7.067112768299990154e-40
8.518020100502511923e+03	1.114754645723266753e-39
8.593391959798995231e+03	1.190370287000452629e-39
8.668763819095476720e+03	7.585764221559043675e-40
8.744135678391960028e+03	8.830910193764205509e-40
8.819507537688441516e+03	6.200766095221089991e-40
8.894879396984924824e+03	6.653120203697925504e-40
8.970251256281406313e+03	6.132101128567146241e-40
9.045623115577889621e+03	8.136048728261800393e-40
9.120994974874371110e+03	4.100530985415556026e-40
9.196366834170854418e+03	3.987925839435553560e-40
9.271738693467335906e+03	2.999171724083067312e-40
9.347110552763819214e+03	4.489439683229190963e-40
9.422482412060300703e+03	4.621057179791942869e-40
9.497854271356784011e+03	5.692975373186086762e-40
9.573226130653265500e+03	3.138140425820678355e-40
9.648597989949748808e+03	2.862665770479077286e-40
9.723969849246232116e+03	3.022683152051966876e-40
9.799341708542713604e+03	1.467138158872372136e-40
9.874713567839196912e+03	1.132278472830925538e-40
9.950085427135678401e+03	3.048549333791781849e-40
1.002545728643216171e+04	1.587472186582302318e-40
1.010082914572864320e+04	2.628320915953228045e-40
1.017620100502512651e+04	2.574960601096413504e-40
1.025157286432160799e+04	1.642145049419676181e-40
1.032694472361809130e+04	1.268862294213909075e-40
1.040231658291457279e+04	1.769258906719857191e-40
1.047768844221105610e+04	2.083065262107875448e-40
1.055306030150753759e+04	1.904417914979770999e-40
1.062843216080402090e+04	1.193993804871276537e-40
1.070380402010050238e+04	1.558897278381336939e-40
1.077917587939698569e+04	2.030814453864031566e-40
1.085454773869346718e+04	1.459312412255320791e-40
1.092991959798995049e+04	1.227829516384924015e-40
1.100529145728643198e+04	1.084606193943141112e-40
1.108066331658291529e+04	1.319433424935677821e-40
1.115603517587939677e+04	1.186424624489236286e-40
1.123140703517588008e+04	1.045741756174963804e-40
1.130677889447236157e+04	1.227746403682033272e-40
1.138215075376884488e+04	1.240345932619179410e-40
1.145752261306532637e+04	8.820695425605832013e-41
1.153289447236180968e+04	8.716713736269502867e-41
1.160826633165829116e+04	6.158872231276779869e-41
1.168363819095477447e+04	1.376945806856164549e-40
1.175901005025125596e+04	1.172171155162447321e-40
1.183438190954773927e+04	7.977882645624392807e-41
1.190975376884422076e+04	9.940495980111470445e-41
1.198512562814070407e+04	6.078992253946857057e-41
1.206049748743718555e+04	8.134770326916682990e-41
1.213586934673366886e+04	5.769139866778825465e-41
1.221124120603015035e+04	7.008728657206239696e-41
1.228661306532663366e+04	6.302907499015099986e-41
1.236198492462311515e+04	6.451924857042908891e-41
1.243735678391959846e+04	5.027366848201586771e-41
1.251272864321607994e+04	3.712225345477530494e-41
1.258810050251256325e+04	4.414350363893102209e-41
1.266347236180904474e+04	4.833434095995023348e-41
1.273884422110552805e+04	4.426694669485221451e-41
1.281421608040200954e+04	4.425613120156001381e-41
1.288958793969849285e+04	2.842035005153263034e-41
1.296495979899497434e+04	5.344630125360571162e-41
1.304033165829145764e+04	4.750888478345419140e-41
1.311570351758793913e+04	2.918462485473478262e-41
1.319107537688442244e+04	5.339409482791223657e-41
1.326644723618090393e+04	3.695652985419565401e-41
1.334181909547738724e+04	4.713700522193940112e-41
1.341719095477386873e+04	3.841361487582548127e-41
1.349256281407035203e+04	3.701697360292687886e-41
1.356793467336683352e+04	3.312965933284727144e-41
1.364330653266331683e+04	4.002735119701596636e-41
1.371867839195979832e+04	3.557363719632831453e-41
1.379405025125628163e+04	3.862459119236784611e-41
1.386942211055276312e+04	3.836069032737679453e-41
1.394479396984924642e+04	3.285948724082562737e-41
1.402016582914572791e+04	2.557372069729066422e-41
1.409553768844221122e+04	2.986101326783749261e-41
1.417090954773869271e+04	2.801160415404816814e-41
1.424628140703517602e+04	1.543236391207534917e-41
1.432165326633165751e+04	3.027143782388105222e-41
1.439702512562814081e+04	2.806822147420889725e-41
1.447239698492462412e+04	3.077414534177404693e-41
1.454776884422110561e+04	2.525392664416525095e-41
1.462314070351758892e+04	3.074033574675678369e-41
1.469851256281407041e+04	2.522033614929249528e-41
1.477388442211055371e+04	2.179830816580132766e-41
1.484925628140703520e+04	1.831241622604362982e-41
1.492462814070351851e+04	2.282059995997249150e-41
1.500000000000000000e+04	2.307148339089686798e-41
