# Chain:	[2510.15, 2338.06, 1170.4, 690.146, 561.9585]
# Electron_projectile_energy, keV	cross_section, cm^2
1.000000000000000000e+00	0.000000000000000000e+00
7.637185929648241256e+01	0.000000000000000000e+00
1.517437185929648251e+02	0.000000000000000000e+00
2.271155778894472519e+02	0.000000000000000000e+00
3.024874371859296502e+02	0.000000000000000000e+00
3.778592964824120486e+02	0.000000000000000000e+00
4.532311557788945038e+02	0.000000000000000000e+00
5.286030150753769021e+02	0.000000000000000000e+00
6.039748743718593005e+02	0.000000000000000000e+00
6.793467336683416988e+02	0.000000000000000000e+00
7.547185929648240972e+02	0.000000000000000000e+00
8.300904522613064955e+02	0.000000000000000000e+00
9.054623115577890076e+02	0.000000000000000000e+00
9.808341708542714059e+02	0.000000000000000000e+00
1.056206030150753804e+03	0.000000000000000000e+00
1.131577889447236203e+03	0.000000000000000000e+00
1.206949748743718601e+03	1.015586245120470348e-26
1.282321608040200999e+03	7.238450811102999021e-28
1.357693467336683398e+03	2.127742977196006539e-27
1.433065326633165796e+03	6.274232637507581602e-33
1.508437185929648194e+03	1.764852215095968528e-30
1.583809045226130593e+03	8.279767816300425334e-26
1.659180904522612991e+03	1.788829739284979814e-28
1.734552763819095389e+03	2.510116802284845062e-29
1.809924623115578015e+03	4.810330608173550563e-28
1.885296482412060413e+03	6.017230191641686879e-29
1.960668341708542812e+03	6.533613410617851820e-31
2.036040201005025210e+03	9.026528927782764431e-31
2.111412060301507609e+03	7.918770305150059305e-30
2.186783919597990007e+03	5.959578913097529240e-29
2.262155778894472405e+03	5.418770619176948256e-30
2.337527638190954804e+03	1.113836964677123324e-29
2.412899497487437202e+03	7.589003357312739899e-31
2.488271356783919600e+03	2.442881828700934368e-30
2.563643216080401999e+03	1.651295586308150561e-31
2.639015075376884397e+03	3.197714099949334147e-32
2.714386934673366795e+03	1.820579496759875974e-32
2.789758793969849194e+03	2.180797421647414391e-32
2.865130653266331592e+03	9.442927679305191004e-33
2.940502512562813990e+03	1.260254036038688790e-32
3.015874371859296389e+03	3.330161845073283710e-32
3.091246231155778787e+03	5.450516128339215091e-31
3.166618090452261185e+03	1.513638756712007185e-31
3.241989949748743584e+03	2.761785895109735678e-32
3.317361809045225982e+03	2.366251352498235021e-32
3.392733668341708380e+03	2.877807165042470911e-32
3.468105527638190779e+03	3.623724999037732329e-32
3.543477386934673177e+03	6.079865396321737543e-32
3.618849246231156030e+03	9.427907492529498069e-32
3.694221105527638429e+03	2.425931635627859692e-31
3.769592964824120827e+03	4.448182689375135509e-29
3.844964824120603225e+03	3.604706891032806397e-31
3.920336683417085624e+03	8.804578759318402046e-32
3.995708542713568022e+03	4.114491838863184416e-32
4.071080402010050420e+03	2.507130755354156005e-32
4.146452261306532819e+03	1.128492497721799226e-32
4.221824120603015217e+03	2.291411936506760617e-32
4.297195979899497615e+03	1.691993595150926527e-32
4.372567839195980014e+03	1.552900539104735522e-32
4.447939698492462412e+03	2.252825991949686544e-32
4.523311557788944810e+03	1.660369118786043900e-32
4.598683417085427209e+03	5.834983512741315478e-32
4.674055276381909607e+03	4.452598877722088708e-31
4.749427135678392006e+03	1.317278220254217811e-29
4.824798994974874404e+03	3.918219865951113739e-31
4.900170854271356802e+03	5.620033203614543069e-32
4.975542713567839201e+03	1.963538180335024206e-32
5.050914572864321599e+03	9.405962923366801142e-33
5.126286432160803997e+03	5.110736208029969846e-33
5.201658291457286396e+03	3.462312075230848907e-33
5.277030150753768794e+03	2.117393586599760191e-33
5.352402010050251192e+03	1.366044927759448344e-33
5.427773869346733591e+03	1.007277287087496780e-33
5.503145728643215989e+03	7.534809626778083627e-34
5.578517587939698387e+03	6.046006624366188626e-34
5.653889447236180786e+03	4.567150457223631106e-34
5.729261306532663184e+03	3.136409804934785094e-34
5.804633165829145582e+03	2.611073486904440285e-34
5.880005025125627981e+03	2.344638531788393418e-34
5.955376884422110379e+03	2.041373653980207020e-34
6.030748743718592777e+03	1.098835289782711048e-34
6.106120603015075176e+03	1.241988860863724446e-34
6.181492462311557574e+03	1.106714740770541718e-34
6.256864321608039972e+03	6.340321305454437837e-35
6.332236180904522371e+03	6.177868066804513818e-35
6.407608040201004769e+03	4.911983941693805039e-35
6.482979899497487168e+03	4.136639400875286862e-35
6.558351758793969566e+03	5.023013866166325831e-35
6.633723618090451964e+03	3.443760512760263143e-35
6.709095477386934363e+03	2.296172104370218431e-35
6.784467336683416761e+03	3.112050487496305533e-35
6.859839195979899159e+03	2.309386251909185986e-35
6.935211055276381558e+03	2.369451665794539652e-35
7.010582914572863956e+03	1.608729269144348485e-35
7.085954773869346354e+03	1.480361429634669660e-35
7.161326633165828753e+03	1.275149219477814002e-35
7.236698492462312061e+03	9.790875745458925665e-36
7.312070351758794459e+03	1.197716863366116164e-35
7.387442211055276857e+03	7.958726019661633430e-36
7.462814070351759256e+03	7.917316301029279234e-36
7.538185929648241654e+03	5.347905713932132210e-36
7.613557788944724052e+03	3.455310380103573313e-36
7.688929648241206451e+03	4.052058498149787355e-36
7.764301507537688849e+03	2.878237557721233751e-36
7.839673366834171247e+03	6.175715405461813276e-36
7.915045226130653646e+03	2.957221293568743462e-36
7.990417085427136044e+03	2.460552090217961221e-36
8.065788944723618442e+03	2.860380898076342957e-36
8.141160804020100841e+03	3.394784960641209925e-36
8.216532663316582330e+03	3.082313160532922232e-36
8.291904522613065637e+03	3.040748695182000788e-36
8.367276381909547126e+03	1.566000254365156797e-36
8.442648241206030434e+03	1.067696663081203394e-36
8.518020100502511923e+03	1.765167030419659687e-36
8.593391959798995231e+03	1.936035258157029850e-36
8.668763819095476720e+03	1.176105297353766962e-36
8.744135678391960028e+03	1.465768904309670589e-36
8.819507537688441516e+03	9.703248017271847233e-37
8.894879396984924824e+03	1.036373730045393238e-36
8.970251256281406313e+03	9.320295817575059837e-37
9.045623115577889621e+03	1.339212595908276185e-36
9.120994974874371110e+03	5.880321283616779959e-37
9.196366834170854418e+03	5.804457073260031707e-37
9.271738693467335906e+03	4.249910252754878897e-37
9.347110552763819214e+03	6.764577007975979765e-37
9.422482412060300703e+03	7.165714919270312323e-37
9.497854271356784011e+03	8.877210104583550121e-37
9.573226130653265500e+03	4.267687759847296442e-37
9.648597989949748808e+03	4.251039123626348033e-37
9.723969849246232116e+03	4.436788514847777357e-37
9.799341708542713604e+03	1.787378851812915975e-37
9.874713567839196912e+03	1.246057670024327344e-37
9.950085427135678401e+03	4.449855970265379574e-37
1.002545728643216171e+04	2.167872996055456192e-37
1.010082914572864320e+04	3.982628952683977222e-37
1.017620100502512651e+04	3.945157987043675217e-37
1.025157286432160799e+04	2.217337813512082895e-37
1.032694472361809130e+04	1.514948906262402866e-37
1.040231658291457279e+04	2.418132892322859948e-37
1.047768844221105610e+04	3.083846751245675389e-37
1.055306030150753759e+04	2.789092828972092979e-37
1.062843216080402090e+04	1.568965579766427526e-37
1.070380402010050238e+04	2.123697264340588084e-37
1.077917587939698569e+04	3.048251394646808068e-37
1.085454773869346718e+04	2.091871034001644572e-37
1.092991959798995049e+04	1.656968699605755345e-37
1.100529145728643198e+04	1.531109746882732728e-37
1.108066331658291529e+04	1.796261319901835862e-37
1.115603517587939677e+04	1.580680430999023636e-37
1.123140703517588008e+04	1.403652171635332592e-37
1.130677889447236157e+04	1.658741214396630103e-37
1.138215075376884488e+04	1.774760360659676476e-37
1.145752261306532637e+04	1.142116147452061017e-37
1.153289447236180968e+04	1.162346413177470201e-37
1.160826633165829116e+04	6.680058736472144752e-38
1.168363819095477447e+04	2.125482142649043595e-37
1.175901005025125596e+04	1.748147843355636689e-37
1.183438190954773927e+04	1.097345871303673351e-37
1.190975376884422076e+04	1.444420536471219923e-37
1.198512562814070407e+04	8.023075747229653993e-38
1.206049748743718555e+04	1.186153780917750780e-37
1.213586934673366886e+04	7.821541902336303316e-38
1.221124120603015035e+04	9.651416886914231444e-38
1.228661306532663366e+04	8.370184443280496691e-38
1.236198492462311515e+04	8.592313264968223318e-38
1.243735678391959846e+04	6.809159773790034793e-38
1.251272864321607994e+04	3.950176737850563124e-38
1.258810050251256325e+04	5.367792702290551335e-38
1.266347236180904474e+04	5.383636045693798450e-38
1.273884422110552805e+04	5.185530404948536031e-38
1.281421608040200954e+04	5.493962480756273848e-38
1.288958793969849285e+04	2.677802054841909580e-38
1.296495979899497434e+04	7.179269581053446497e-38
1.304033165829145764e+04	6.374106133123204076e-38
1.311570351758793913e+04	3.346807771112093181e-38
1.319107537688442244e+04	7.283465546591864622e-38
1.326644723618090393e+04	4.618903774891415791e-38
1.334181909547738724e+04	6.450524790162288664e-38
1.341719095477386873e+04	5.102758757272832810e-38
1.349256281407035203e+04	4.817235595707408173e-38
1.356793467336683352e+04	4.191672000481691397e-38
1.364330653266331683e+04	5.539609025165670802e-38
1.371867839195979832e+04	4.666220827283145878e-38
1.379405025125628163e+04	5.280703954949118143e-38
1.386942211055276312e+04	5.273248572436756856e-38
1.394479396984924642e+04	4.277969846823807378e-38
1.402016582914572791e+04	3.111035086298265495e-38
1.409553768844221122e+04	3.789770326207462698e-38
1.417090954773869271e+04	3.551342684490792800e-38
1.424628140703517602e+04	1.517323759697640531e-38
1.432165326633165751e+04	4.009390671156119442e-38
1.439702512562814081e+04	3.588352733869008812e-38
1.447239698492462412e+04	4.153712698556413452e-38
1.454776884422110561e+04	3.172371266064238638e-38
1.462314070351758892e+04	4.154903003422155592e-38
1.469851256281407041e+04	3.274999835565517229e-38
1.477388442211055371e+04	2.679611998769576729e-38
1.484925628140703520e+04	2.108833296200559999e-38
1.492462814070351851e+04	2.896135438189948267e-38
1.500000000000000000e+04	2.999528706756044662e-38
