# Chain:	[2338.06, 1170.4, 690.146, 561.9585]
# Electron_projectile_energy, keV	cross_section, cm^2
1.000000000000000000e+00	0.000000000000000000e+00
7.637185929648241256e+01	0.000000000000000000e+00
1.517437185929648251e+02	0.000000000000000000e+00
2.271155778894472519e+02	0.000000000000000000e+00
3.024874371859296502e+02	0.000000000000000000e+00
3.778592964824120486e+02	0.000000000000000000e+00
4.532311557788945038e+02	0.000000000000000000e+00
5.286030150753769021e+02	0.000000000000000000e+00
6.039748743718593005e+02	0.000000000000000000e+00
6.793467336683416988e+02	0.000000000000000000e+00
7.547185929648240972e+02	0.000000000000000000e+00
8.300904522613064955e+02	0.000000000000000000e+00
9.054623115577890076e+02	0.000000000000000000e+00
9.808341708542714059e+02	0.000000000000000000e+00
1.056206030150753804e+03	0.000000000000000000e+00
1.131577889447236203e+03	0.000000000000000000e+00
1.206949748743718601e+03	1.025009634174263515e-26
1.282321608040200999e+03	7.305614716155372297e-28
1.357693467336683398e+03	2.147485810438313512e-27
1.433065326633165796e+03	6.332449785919459690e-33
1.508437185929648194e+03	1.781227869182663275e-30
1.583809045226130593e+03	8.282073220882140940e-26
1.659180904522612991e+03	1.788961897831560096e-28
1.734552763819095389e+03	2.510165735740348912e-29
1.809924623115578015e+03	4.810331566659014152e-28
1.885296482412060413e+03	6.017231087886531931e-29
1.960668341708542812e+03	6.533724204393234596e-31
2.036040201005025210e+03	9.026782802812035296e-31
2.111412060301507609e+03	7.918807668467493644e-30
2.186783919597990007e+03	5.959585023054397811e-29
2.262155778894472405e+03	5.418863512167852053e-30
2.337527638190954804e+03	1.113851314437776410e-29
2.412899497487437202e+03	7.594137340749976288e-31
2.488271356783919600e+03	2.463968611565982839e-30
2.563643216080401999e+03	1.661284676031090653e-31
2.639015075376884397e+03	3.213138089728738928e-32
2.714386934673366795e+03	1.828837817202606000e-32
2.789758793969849194e+03	2.198547866861949533e-32
2.865130653266331592e+03	9.489482741347577751e-33
2.940502512562813990e+03	1.264825914187342791e-32
3.015874371859296389e+03	3.354825269071412288e-32
3.091246231155778787e+03	5.499986232597261487e-31
3.166618090452261185e+03	1.526608772182319206e-31
3.241989949748743584e+03	2.772003018699292577e-32
3.317361809045225982e+03	2.369228225235075167e-32
3.392733668341708380e+03	2.879173527315448555e-32
3.468105527638190779e+03	3.624458563723740314e-32
3.543477386934673177e+03	6.080264879378066279e-32
3.618849246231156030e+03	9.428152061912561901e-32
3.694221105527638429e+03	2.425949394164927772e-31
3.769592964824120827e+03	4.448182821994580450e-29
3.844964824120603225e+03	3.604714493150815468e-31
3.920336683417085624e+03	8.804634809072166813e-32
3.995708542713568022e+03	4.114532191811148612e-32
4.071080402010050420e+03	2.507164518679340723e-32
4.146452261306532819e+03	1.128517178403496904e-32
4.221824120603015217e+03	2.291428683985149968e-32
4.297195979899497615e+03	1.692008979999728656e-32
4.372567839195980014e+03	1.552911863304860693e-32
4.447939698492462412e+03	2.252834846598151552e-32
4.523311557788944810e+03	1.660377669574456305e-32
4.598683417085427209e+03	5.834988822323982639e-32
4.674055276381909607e+03	4.452599237803741932e-31
4.749427135678392006e+03	1.317278223826718104e-29
4.824798994974874404e+03	3.918220234905234013e-31
4.900170854271356802e+03	5.620036113397991117e-32
4.975542713567839201e+03	1.963540837304730167e-32
5.050914572864321599e+03	9.405977579994426356e-33
5.126286432160803997e+03	5.110748336254725975e-33
5.201658291457286396e+03	3.462325100131506401e-33
5.277030150753768794e+03	2.117401361263323861e-33
5.352402010050251192e+03	1.366052722524437321e-33
5.427773869346733591e+03	1.007281480866075738e-33
5.503145728643215989e+03	7.534861985135408836e-34
5.578517587939698387e+03	6.046073211925688545e-34
5.653889447236180786e+03	4.567202458648295978e-34
5.729261306532663184e+03	3.136432834689650503e-34
5.804633165829145582e+03	2.611105452023661562e-34
5.880005025125627981e+03	2.344672800456670599e-34
5.955376884422110379e+03	2.041393059850847146e-34
6.030748743718592777e+03	1.098866003057727739e-34
6.106120603015075176e+03	1.242002696823152700e-34
6.181492462311557574e+03	1.106735994975961549e-34
6.256864321608039972e+03	6.340479267116280628e-35
6.332236180904522371e+03	6.178033526974233122e-35
6.407608040201004769e+03	4.912072290834250068e-35
6.482979899497487168e+03	4.136745297295482842e-35
6.558351758793969566e+03	5.023155260788256145e-35
6.633723618090451964e+03	3.443869085134438222e-35
6.709095477386934363e+03	2.296255174140701849e-35
6.784467336683416761e+03	3.112170675632930298e-35
6.859839195979899159e+03	2.309473752591375736e-35
6.935211055276381558e+03	2.369500654986586435e-35
7.010582914572863956e+03	1.608815902275306195e-35
7.085954773869346354e+03	1.480438932236351805e-35
7.161326633165828753e+03	1.275220281518101616e-35
7.236698492462312061e+03	9.791481941191843980e-36
7.312070351758794459e+03	1.197777657111475688e-35
7.387442211055276857e+03	7.959388009198771919e-36
7.462814070351759256e+03	7.917637068632438997e-36
7.538185929648241654e+03	5.348442138094157961e-36
7.613557788944724052e+03	3.455698009941170206e-36
7.688929648241206451e+03	4.052474676268427233e-36
7.764301507537688849e+03	2.878746058011166747e-36
7.839673366834171247e+03	6.175962010524523978e-36
7.915045226130653646e+03	2.957503911623928084e-36
7.990417085427136044e+03	2.460878461014426260e-36
8.065788944723618442e+03	2.860665669307023464e-36
8.141160804020100841e+03	3.395004006114250038e-36
8.216532663316582330e+03	3.082497861248011090e-36
8.291904522613065637e+03	3.040939717710701970e-36
8.367276381909547126e+03	1.566187284950810315e-36
8.442648241206030434e+03	1.067935905061522284e-36
8.518020100502511923e+03	1.765436065984404645e-36
8.593391959798995231e+03	1.936254149020292860e-36
8.668763819095476720e+03	1.176321902792398048e-36
8.744135678391960028e+03	1.465891837751430474e-36
8.819507537688441516e+03	9.704898871302132909e-37
8.894879396984924824e+03	1.036557195313184153e-36
8.970251256281406313e+03	9.322296885666861068e-37
9.045623115577889621e+03	1.339340866276700479e-36
9.120994974874371110e+03	5.882130414730959733e-37
9.196366834170854418e+03	5.806102008856343269e-37
9.271738693467335906e+03	4.251301710219853988e-37
9.347110552763819214e+03	6.766120955778235159e-37
9.422482412060300703e+03	7.167032851461952278e-37
9.497854271356784011e+03	8.878767797444021513e-37
9.573226130653265500e+03	4.269383305092151749e-37
9.648597989949748808e+03	4.252107015585327179e-37
9.723969849246232116e+03	4.437985485187583786e-37
9.799341708542713604e+03	1.788449549115447828e-37
9.874713567839196912e+03	1.247062378679769039e-37
9.950085427135678401e+03	4.451096487894803233e-37
1.002545728643216171e+04	2.168718668761780871e-37
1.010082914572864320e+04	3.983502969127899427e-37
1.017620100502512651e+04	3.945956230543220024e-37
1.025157286432160799e+04	2.218246313573626317e-37
1.032694472361809130e+04	1.515916201460398593e-37
1.040231658291457279e+04	2.419072717971554009e-37
1.047768844221105610e+04	3.084636514693046356e-37
1.055306030150753759e+04	2.789855358669578933e-37
1.062843216080402090e+04	1.569683989870461849e-37
1.070380402010050238e+04	2.124534607678215647e-37
1.077917587939698569e+04	3.048965494083195171e-37
1.085454773869346718e+04	2.092515997734311835e-37
1.092991959798995049e+04	1.657649229898314798e-37
1.100529145728643198e+04	1.531620714808432139e-37
1.108066331658291529e+04	1.796971659907980640e-37
1.115603517587939677e+04	1.581365314215296674e-37
1.123140703517588008e+04	1.404241927115030795e-37
1.130677889447236157e+04	1.659419177793845810e-37
1.138215075376884488e+04	1.775312869617019287e-37
1.145752261306532637e+04	1.142669569431115233e-37
1.153289447236180968e+04	1.162848244189271116e-37
1.160826633165829116e+04	6.685654387579183137e-38
1.168363819095477447e+04	2.125887824399638343e-37
1.175901005025125596e+04	1.748575104313508188e-37
1.183438190954773927e+04	1.097760332286226921e-37
1.190975376884422076e+04	1.444833806424554570e-37
1.198512562814070407e+04	8.026686600324370212e-38
1.206049748743718555e+04	1.186486471952393795e-37
1.213586934673366886e+04	7.824691286841953351e-38
1.221124120603015035e+04	9.655043276057504481e-38
1.228661306532663366e+04	8.373859303114476749e-38
1.236198492462311515e+04	8.596042592120297651e-38
1.243735678391959846e+04	6.811913210494318468e-38
1.251272864321607994e+04	3.953651393119570520e-38
1.258810050251256325e+04	5.371027748239895116e-38
1.266347236180904474e+04	5.387838635883997258e-38
1.273884422110552805e+04	5.189038357656276573e-38
1.281421608040200954e+04	5.497055341570487198e-38
1.288958793969849285e+04	2.680925540473880168e-38
1.296495979899497434e+04	7.182276493621143724e-38
1.304033165829145764e+04	6.376789181899758413e-38
1.311570351758793913e+04	3.349216748615503399e-38
1.319107537688442244e+04	7.286320775943983773e-38
1.326644723618090393e+04	4.621444882228931751e-38
1.334181909547738724e+04	6.453017889178783324e-38
1.341719095477386873e+04	5.104996456224373773e-38
1.349256281407035203e+04	4.819525686680355628e-38
1.356793467336683352e+04	4.193881681945442646e-38
1.364330653266331683e+04	5.541643144822060457e-38
1.371867839195979832e+04	4.668372383247030635e-38
1.379405025125628163e+04	5.282753420287486039e-38
1.386942211055276312e+04	5.275245748076537359e-38
1.394479396984924642e+04	4.280000360344515831e-38
1.402016582914572791e+04	3.112907506235953465e-38
1.409553768844221122e+04	3.791746402487058877e-38
1.417090954773869271e+04	3.553201340098710988e-38
1.424628140703517602e+04	1.518935203412017063e-38
1.432165326633165751e+04	4.011169827048362136e-38
1.439702512562814081e+04	3.590175244662118140e-38
1.447239698492462412e+04	4.155417420690831605e-38
1.454776884422110561e+04	3.174086198080799717e-38
1.462314070351758892e+04	4.156598156850366538e-38
1.469851256281407041e+04	3.276569572838293620e-38
1.477388442211055371e+04	2.681170739256376648e-38
1.484925628140703520e+04	2.110333056914188813e-38
1.492462814070351851e+04	2.897645757061716489e-38
1.500000000000000000e+04	3.000959923397413240e-38
