# Chain:	[3603.06, 3157.51, 2841.2, 2640.63, 2510.15, 2338.06, 1170.4, 690.146, 561.9585]
# Electron_projectile_energy, keV	cross_section, cm^2
1.000000000000000000e+00	0.000000000000000000e+00
7.637185929648241256e+01	0.000000000000000000e+00
1.517437185929648251e+02	0.000000000000000000e+00
2.271155778894472519e+02	0.000000000000000000e+00
3.024874371859296502e+02	0.000000000000000000e+00
3.778592964824120486e+02	0.000000000000000000e+00
4.532311557788945038e+02	0.000000000000000000e+00
5.286030150753769021e+02	0.000000000000000000e+00
6.039748743718593005e+02	0.000000000000000000e+00
6.793467336683416988e+02	0.000000000000000000e+00
7.547185929648240972e+02	0.000000000000000000e+00
8.300904522613064955e+02	0.000000000000000000e+00
9.054623115577890076e+02	0.000000000000000000e+00
9.808341708542714059e+02	0.000000000000000000e+00
1.056206030150753804e+03	0.000000000000000000e+00
1.131577889447236203e+03	0.000000000000000000e+00
1.206949748743718601e+03	1.001529776543960256e-26
1.282321608040200999e+03	7.138265271117852232e-28
1.357693467336683398e+03	2.098293432717095741e-27
1.433065326633165796e+03	6.187392593804176310e-33
1.508437185929648194e+03	1.740425348522231506e-30
1.583809045226130593e+03	8.276328942358785599e-26
1.659180904522612991e+03	1.788632604003127902e-28
1.734552763819095389e+03	2.510043810330920311e-29
1.809924623115578015e+03	4.810329178441558373e-28
1.885296482412060413e+03	6.017228854751377404e-29
1.960668341708542812e+03	6.533448144256328372e-31
2.036040201005025210e+03	9.026150233201555988e-31
2.111412060301507609e+03	7.918714571878892345e-30
2.186783919597990007e+03	5.959569799134788731e-29
2.262155778894472405e+03	5.418632054654124576e-30
2.337527638190954804e+03	1.113815559749602103e-29
2.412899497487437202e+03	7.581345212621284054e-31
2.488271356783919600e+03	2.411427571741976149e-30
2.563643216080401999e+03	1.636395286108624307e-31
2.639015075376884397e+03	3.174706790538571158e-32
2.714386934673366795e+03	1.808260911467967920e-32
2.789758793969849194e+03	2.154319837632485169e-32
2.865130653266331592e+03	9.373483473728973295e-33
2.940502512562813990e+03	1.253434359894009282e-32
3.015874371859296389e+03	3.293372464687965478e-32
3.091246231155778787e+03	5.376723678297050833e-31
3.166618090452261185e+03	1.494291936384992963e-31
3.241989949748743584e+03	2.746545446492035983e-32
3.317361809045225982e+03	2.361810878074140322e-32
3.392733668341708380e+03	2.875769020565510621e-32
3.468105527638190779e+03	3.622630771801772061e-32
3.543477386934673177e+03	6.079269504440795628e-32
3.618849246231156030e+03	9.427542678784869138e-32
3.694221105527638429e+03	2.425905145973571255e-31
3.769592964824120827e+03	4.448182491552350969e-29
3.844964824120603225e+03	3.604695551276770033e-31
3.920336683417085624e+03	8.804495152285092966e-32
3.995708542713568022e+03	4.114431646087338431e-32
4.071080402010050420e+03	2.507080392038285334e-32
4.146452261306532819e+03	1.128455682598837706e-32
4.221824120603015217e+03	2.291386955005692525e-32
4.297195979899497615e+03	1.691970646226446324e-32
4.372567839195980014e+03	1.552883647277145451e-32
4.447939698492462412e+03	2.252812783847252082e-32
4.523311557788944810e+03	1.660356363938723138e-32
4.598683417085427209e+03	5.834975592662722107e-32
4.674055276381909607e+03	4.452598340603605233e-31
4.749427135678392006e+03	1.317278214925271169e-29
4.824798994974874404e+03	3.918219315597947807e-31
4.900170854271356802e+03	5.620028863214356597e-32
4.975542713567839201e+03	1.963534217046342725e-32
5.050914572864321599e+03	9.405941060698872590e-33
5.126286432160803997e+03	5.110718116873040807e-33
5.201658291457286396e+03	3.462292646540623245e-33
5.277030150753768794e+03	2.117381989464859642e-33
5.352402010050251192e+03	1.366033300640107045e-33
5.427773869346733591e+03	1.007271031406395596e-33
5.503145728643215989e+03	7.534731526043809248e-34
5.578517587939698387e+03	6.045907298536345486e-34
5.653889447236180786e+03	4.567072888910621353e-34
5.729261306532663184e+03	3.136375452429148022e-34
5.804633165829145582e+03	2.611025805895907673e-34
5.880005025125627981e+03	2.344587414673728267e-34
5.955376884422110379e+03	2.041344707068507173e-34
6.030748743718592777e+03	1.098789476096924596e-34
6.106120603015075176e+03	1.241968222351633195e-34
6.181492462311557574e+03	1.106683036776479704e-34
6.256864321608039972e+03	6.340085680763223948e-35
6.332236180904522371e+03	6.177621256908091115e-35
6.407608040201004769e+03	4.911852155039413309e-35
6.482979899497487168e+03	4.136481439690159454e-35
6.558351758793969566e+03	5.022802953823779976e-35
6.633723618090451964e+03	3.443598559968422032e-35
6.709095477386934363e+03	2.296048192727412443e-35
6.784467336683416761e+03	3.111871207965757986e-35
6.859839195979899159e+03	2.309255730863880360e-35
6.935211055276381558e+03	2.369378590700784349e-35
7.010582914572863956e+03	1.608600042188309756e-35
7.085954773869346354e+03	1.480245822300734303e-35
7.161326633165828753e+03	1.275043219255326683e-35
7.236698492462312061e+03	9.789971509071959016e-36
7.312070351758794459e+03	1.197626179922355671e-35
7.387442211055276857e+03	7.957738558030404999e-36
7.462814070351759256e+03	7.916837825641236582e-36
7.538185929648241654e+03	5.347105552829352655e-36
7.613557788944724052e+03	3.454732169164769658e-36
7.688929648241206451e+03	4.051437702954608419e-36
7.764301507537688849e+03	2.877479049470562081e-36
7.839673366834171247e+03	6.175347555180452127e-36
7.915045226130653646e+03	2.956799724238518305e-36
7.990417085427136044e+03	2.460065256784828860e-36
8.065788944723618442e+03	2.859956116945827665e-36
8.141160804020100841e+03	3.394458219827365135e-36
8.216532663316582330e+03	3.082037650333472152e-36
8.291904522613065637e+03	3.040463755002118413e-36
8.367276381909547126e+03	1.565721268796899451e-36
8.442648241206030434e+03	1.067339795996618605e-36
8.518020100502511923e+03	1.764765721512618740e-36
8.593391959798995231e+03	1.935708747968012218e-36
8.668763819095476720e+03	1.175782196235449722e-36
8.744135678391960028e+03	1.465585529724239079e-36
8.819507537688441516e+03	9.700785508542910807e-37
8.894879396984924824e+03	1.036100062710121257e-36
8.970251256281406313e+03	9.317310909428817766e-37
9.045623115577889621e+03	1.339021260456374581e-36
9.120994974874371110e+03	5.877622679694975640e-37
9.196366834170854418e+03	5.802003392807282575e-37
9.271738693467335906e+03	4.247834674847575584e-37
9.347110552763819214e+03	6.762273966719560642e-37
9.422482412060300703e+03	7.163749015885445894e-37
9.497854271356784011e+03	8.874886560408512594e-37
9.573226130653265500e+03	4.265158587134771394e-37
9.648597989949748808e+03	4.249446194619723099e-37
9.723969849246232116e+03	4.435003045111522058e-37
9.799341708542713604e+03	1.785781738194653858e-37
9.874713567839196912e+03	1.244558988863744581e-37
9.950085427135678401e+03	4.448005542889723384e-37
1.002545728643216171e+04	2.166611542054713507e-37
1.010082914572864320e+04	3.981325219535614891e-37
1.017620100502512651e+04	3.943967281173026600e-37
1.025157286432160799e+04	2.215982642618262784e-37
1.032694472361809130e+04	1.513506033164707539e-37
1.040231658291457279e+04	2.416730994383291372e-37
1.047768844221105610e+04	3.082668694708109365e-37
1.055306030150753759e+04	2.787955395860695037e-37
1.062843216080402090e+04	1.567893957975715042e-37
1.070380402010050238e+04	2.122448234904795587e-37
1.077917587939698569e+04	3.047186202895647643e-37
1.085454773869346718e+04	2.090908969038660028e-37
1.092991959798995049e+04	1.655953581518396173e-37
1.100529145728643198e+04	1.530347557764762891e-37
1.108066331658291529e+04	1.795201735932839751e-37
1.115603517587939677e+04	1.579658819840536324e-37
1.123140703517588008e+04	1.402772458474719266e-37
1.130677889447236157e+04	1.657729925237858590e-37
1.138215075376884488e+04	1.773936206551977569e-37
1.145752261306532637e+04	1.141290631428715152e-37
1.153289447236180968e+04	1.161597853205274582e-37
1.160826633165829116e+04	6.671711941757185253e-38
1.168363819095477447e+04	2.124877004439557636e-37
1.175901005025125596e+04	1.747510516360645196e-37
1.183438190954773927e+04	1.096727637487347101e-37
1.190975376884422076e+04	1.443804079262512525e-37
1.198512562814070407e+04	8.017689591275513867e-38
1.206049748743718555e+04	1.185657519854193823e-37
1.213586934673366886e+04	7.816844099445400139e-38
1.221124120603015035e+04	9.646007556497371033e-38
1.228661306532663366e+04	8.364702811196269473e-38
1.236198492462311515e+04	8.586750386302658023e-38
1.243735678391959846e+04	6.805052589390639520e-38
1.251272864321607994e+04	3.944993742399118416e-38
1.258810050251256325e+04	5.362967121868164994e-38
1.266347236180904474e+04	5.377367220687076216e-38
1.273884422110552805e+04	5.180297741124220109e-38
1.281421608040200954e+04	5.489348991851343508e-38
1.288958793969849285e+04	2.673142884199124364e-38
1.296495979899497434e+04	7.174784297491569219e-38
1.304033165829145764e+04	6.370103943401268997e-38
1.311570351758793913e+04	3.343214401849197616e-38
1.319107537688442244e+04	7.279206522429996876e-38
1.326644723618090393e+04	4.615113313175844937e-38
1.334181909547738724e+04	6.446805940416890586e-38
1.341719095477386873e+04	5.099420876939497180e-38
1.349256281407035203e+04	4.813819564424519808e-38
1.356793467336683352e+04	4.188375912643016216e-38
1.364330653266331683e+04	5.536574815406561740e-38
1.371867839195979832e+04	4.663011442779936799e-38
1.379405025125628163e+04	5.277646854689015532e-38
1.386942211055276312e+04	5.270269470495609263e-38
1.394479396984924642e+04	4.274941016183886450e-38
1.402016582914572791e+04	3.108242077130767125e-38
1.409553768844221122e+04	3.786822697284326464e-38
1.417090954773869271e+04	3.548570206988472537e-38
1.424628140703517602e+04	1.514920037660415258e-38
1.432165326633165751e+04	4.006736779997719578e-38
1.439702512562814081e+04	3.585634172049322454e-38
1.447239698492462412e+04	4.151169837068116680e-38
1.454776884422110561e+04	3.169813174929081026e-38
1.462314070351758892e+04	4.152374415165851418e-38
1.469851256281407041e+04	3.272658325253016801e-38
1.477388442211055371e+04	2.677286891894910121e-38
1.484925628140703520e+04	2.106596166944507421e-38
1.492462814070351851e+04	2.893882559778547959e-38
1.500000000000000000e+04	2.997393821776688032e-38
