# Chain:	[2640.63, 2510.15, 2338.06, 1170.4, 690.146, 561.9585]
# Electron_projectile_energy, keV	cross_section, cm^2
1.000000000000000000e+00	0.000000000000000000e+00
7.637185929648241256e+01	0.000000000000000000e+00
1.517437185929648251e+02	0.000000000000000000e+00
2.271155778894472519e+02	0.000000000000000000e+00
3.024874371859296502e+02	0.000000000000000000e+00
3.778592964824120486e+02	0.000000000000000000e+00
4.532311557788945038e+02	0.000000000000000000e+00
5.286030150753769021e+02	0.000000000000000000e+00
6.039748743718593005e+02	0.000000000000000000e+00
6.793467336683416988e+02	0.000000000000000000e+00
7.547185929648240972e+02	0.000000000000000000e+00
8.300904522613064955e+02	0.000000000000000000e+00
9.054623115577890076e+02	0.000000000000000000e+00
9.808341708542714059e+02	0.000000000000000000e+00
1.056206030150753804e+03	0.000000000000000000e+00
1.131577889447236203e+03	0.000000000000000000e+00
1.206949748743718601e+03	1.009219090354393860e-26
1.282321608040200999e+03	7.193069794175719756e-28
1.357693467336683398e+03	2.114403225005258711e-27
1.433065326633165796e+03	6.234896726418475081e-33
1.508437185929648194e+03	1.753787583956310105e-30
1.583809045226130593e+03	8.278210110501968874e-26
1.659180904522612991e+03	1.788740442969722994e-28
1.734552763819095389e+03	2.510083739139234413e-29
1.809924623115578015e+03	4.810329960548237084e-28
1.885296482412060413e+03	6.017229586070844749e-29
1.960668341708542812e+03	6.533538549958809569e-31
2.036040201005025210e+03	9.026357390600824184e-31
2.111412060301507609e+03	7.918745059665305579e-30
2.186783919597990007e+03	5.959574784748293356e-29
2.262155778894472405e+03	5.418707853642553761e-30
2.337527638190954804e+03	1.113827268892898258e-29
2.412899497487437202e+03	7.585534449584877663e-31
2.488271356783919600e+03	2.428634002440766482e-30
2.563643216080401999e+03	1.644546201360218102e-31
2.639015075376884397e+03	3.187292485233520416e-32
2.714386934673366795e+03	1.814999550514788067e-32
2.789758793969849194e+03	2.168803877583539421e-32
2.865130653266331592e+03	9.411471556303577782e-33
2.940502512562813990e+03	1.257164929181490103e-32
3.015874371859296389e+03	3.313497369398872627e-32
3.091246231155778787e+03	5.417090382218913070e-31
3.166618090452261185e+03	1.504875232745580232e-31
3.241989949748743584e+03	2.754882433224899743e-32
3.317361809045225982e+03	2.364239952000369946e-32
3.392733668341708380e+03	2.876883947290458975e-32
3.468105527638190779e+03	3.623229347222861876e-32
3.543477386934673177e+03	6.079595475337732321e-32
3.618849246231156030e+03	9.427742242946346683e-32
3.694221105527638429e+03	2.425919636616327288e-31
3.769592964824120827e+03	4.448182599767402350e-29
3.844964824120603225e+03	3.604701754466583981e-31
3.920336683417085624e+03	8.804540887863156411e-32
3.995708542713568022e+03	4.114464573357802996e-32
4.071080402010050420e+03	2.507107942296599060e-32
4.146452261306532819e+03	1.128475821585517018e-32
4.221824120603015217e+03	2.291400620642984095e-32
4.297195979899497615e+03	1.691983199982817003e-32
4.372567839195980014e+03	1.552892887618164475e-32
4.447939698492462412e+03	2.252820009079102034e-32
4.523311557788944810e+03	1.660363341226305671e-32
4.598683417085427209e+03	5.834979925185458903e-32
4.674055276381909607e+03	4.452598634423674722e-31
4.749427135678392006e+03	1.317278217840366300e-29
4.824798994974874404e+03	3.918219616657789029e-31
4.900170854271356802e+03	5.620031237544645503e-32
4.975542713567839201e+03	1.963536385085222919e-32
5.050914572864321599e+03	9.405953020240027755e-33
5.126286432160803997e+03	5.110728013283513131e-33
5.201658291457286396e+03	3.462303274622296398e-33
5.277030150753768794e+03	2.117388333448703500e-33
5.352402010050251192e+03	1.366039661026347684e-33
5.427773869346733591e+03	1.007274453453321684e-33
5.503145728643215989e+03	7.534774249509620948e-34
5.578517587939698387e+03	6.045961632771931786e-34
5.653889447236180786e+03	4.567115321125884385e-34
5.729261306532663184e+03	3.136394244289605775e-34
5.804633165829145582e+03	2.611051888850912256e-34
5.880005025125627981e+03	2.344615377282800936e-34
5.955376884422110379e+03	2.041360541905449959e-34
6.030748743718592777e+03	1.098814537569861956e-34
6.106120603015075176e+03	1.241979512242489139e-34
6.181492462311557574e+03	1.106700379820933569e-34
6.256864321608039972e+03	6.340214574601841385e-35
6.332236180904522371e+03	6.177756269392541517e-35
6.407608040201004769e+03	4.911924246328638988e-35
6.482979899497487168e+03	4.136567849240019019e-35
6.558351758793969566e+03	5.022918329259616477e-35
6.633723618090451964e+03	3.443687153047982886e-35
6.709095477386934363e+03	2.296115976146918903e-35
6.784467336683416761e+03	3.111969279295883670e-35
6.859839195979899159e+03	2.309327129826625308e-35
6.935211055276381558e+03	2.369418564989102507e-35
7.010582914572863956e+03	1.608670733245052799e-35
7.085954773869346354e+03	1.480309063011911368e-35
7.161326633165828753e+03	1.275101204585727704e-35
7.236698492462312061e+03	9.790466153747494009e-36
7.312070351758794459e+03	1.197675786511143585e-35
7.387442211055276857e+03	7.958278729433837985e-36
7.462814070351759256e+03	7.917099566162278491e-36
7.538185929648241654e+03	5.347543265174006540e-36
7.613557788944724052e+03	3.455048468051142817e-36
7.688929648241206451e+03	4.051777296718273599e-36
7.764301507537688849e+03	2.877893976444251889e-36
7.839673366834171247e+03	6.175548780419440566e-36
7.915045226130653646e+03	2.957030335423348275e-36
7.990417085427136044e+03	2.460331569409538934e-36
8.065788944723618442e+03	2.860188485082639858e-36
8.141160804020100841e+03	3.394636956943209939e-36
8.216532663316582330e+03	3.082188362752456896e-36
8.291904522613065637e+03	3.040619625905851774e-36
8.367276381909547126e+03	1.565873882347823376e-36
8.442648241206030434e+03	1.067535013094501387e-36
8.518020100502511923e+03	1.764985249632669950e-36
8.593391959798995231e+03	1.935887358925095302e-36
8.668763819095476720e+03	1.175958942327664890e-36
8.744135678391960028e+03	1.465685841173346329e-36
8.819507537688441516e+03	9.702132575359491866e-37
8.894879396984924824e+03	1.036249767026615691e-36
8.970251256281406313e+03	9.318943744540058237e-37
9.045623115577889621e+03	1.339125926740421932e-36
9.120994974874371110e+03	5.879098897728820540e-37
9.196366834170854418e+03	5.803345630289550335e-37
9.271738693467335906e+03	4.248970078792057867e-37
9.347110552763819214e+03	6.763533800001482810e-37
9.422482412060300703e+03	7.164824424546231227e-37
9.497854271356784011e+03	8.876157609407556162e-37
9.573226130653265500e+03	4.266542121168340153e-37
9.648597989949748808e+03	4.250317575005416177e-37
9.723969849246232116e+03	4.435979751104664747e-37
9.799341708542713604e+03	1.786655407689583507e-37
9.874713567839196912e+03	1.245378812824704600e-37
9.950085427135678401e+03	4.449017782677930998e-37
1.002545728643216171e+04	2.167301595578209967e-37
1.010082914572864320e+04	3.982038401032678526e-37
1.017620100502512651e+04	3.944618633327766314e-37
1.025157286432160799e+04	2.216723962119148105e-37
1.032694472361809130e+04	1.514295328425919299e-37
1.040231658291457279e+04	2.417497874992661450e-37
1.047768844221105610e+04	3.083313127294748901e-37
1.055306030150753759e+04	2.788577606203521219e-37
1.062843216080402090e+04	1.568480167533971902e-37
1.070380402010050238e+04	2.123131491815164236e-37
1.077917587939698569e+04	3.047768895027627729e-37
1.085454773869346718e+04	2.091435247695788166e-37
1.092991959798995049e+04	1.656508881840512381e-37
1.100529145728643198e+04	1.530764498284287180e-37
1.108066331658291529e+04	1.795781360438224498e-37
1.115603517587939677e+04	1.580217672069109398e-37
1.123140703517588008e+04	1.403253688203104138e-37
1.130677889447236157e+04	1.658283131020133026e-37
1.138215075376884488e+04	1.774387043796607009e-37
1.145752261306532637e+04	1.141742213682429678e-37
1.153289447236180968e+04	1.162007338169496632e-37
1.160826633165829116e+04	6.676277891129550797e-38
1.168363819095477447e+04	2.125208033358101050e-37
1.175901005025125596e+04	1.747859153519237095e-37
1.183438190954773927e+04	1.097065830099245236e-37
1.190975376884422076e+04	1.444141300016263968e-37
1.198512562814070407e+04	8.020635981625116290e-38
1.206049748743718555e+04	1.185928989678127234e-37
1.213586934673366886e+04	7.819413939832485640e-38
1.221124120603015035e+04	9.648966623979588290e-38
1.228661306532663366e+04	8.367701429879158645e-38
1.236198492462311515e+04	8.589793449324929426e-38
1.243735678391959846e+04	6.807299343584437801e-38
1.251272864321607994e+04	3.947828997803936745e-38
1.258810050251256325e+04	5.365606860432886872e-38
1.266347236180904474e+04	5.380796457727447284e-38
1.273884422110552805e+04	5.183160166632495492e-38
1.281421608040200954e+04	5.491872709935859395e-38
1.288958793969849285e+04	2.675691591577064728e-38
1.296495979899497434e+04	7.177237883372569739e-38
1.304033165829145764e+04	6.372293262328235071e-38
1.311570351758793913e+04	3.345180083609789192e-38
1.319107537688442244e+04	7.281536337570162464e-38
1.326644723618090393e+04	4.617186810474175334e-38
1.334181909547738724e+04	6.448840263799792244e-38
1.341719095477386873e+04	5.101246798521791478e-38
1.349256281407035203e+04	4.815688236941903276e-38
1.356793467336683352e+04	4.190178972465643269e-38
1.364330653266331683e+04	5.538234619992434267e-38
1.371867839195979832e+04	4.664767073253493817e-38
1.379405025125628163e+04	5.279319181071842820e-38
1.386942211055276312e+04	5.271899129436905560e-38
1.394479396984924642e+04	4.276597878228733733e-38
1.402016582914572791e+04	3.109769937691719259e-38
1.409553768844221122e+04	3.788435139532059860e-38
1.417090954773869271e+04	3.550086836107064535e-38
1.424628140703517602e+04	1.516234946377115755e-38
1.432165326633165751e+04	4.008188538796495944e-38
1.439702512562814081e+04	3.587121307657448469e-38
1.447239698492462412e+04	4.152560859276401299e-38
1.454776884422110561e+04	3.171212528215210600e-38
1.462314070351758892e+04	4.153757629484175561e-38
1.469851256281407041e+04	3.273939202273100594e-38
1.477388442211055371e+04	2.678558795737955219e-38
1.484925628140703520e+04	2.107819944367026996e-38
1.492462814070351851e+04	2.895114952465780761e-38
1.500000000000000000e+04	2.998561668484849790e-38
