# Chain:	[5641.2, 4870.0, 3603.06, 2841.2, 2640.63, 1721.43, 1102.73, 9.4057]
# Electron_projectile_energy, keV	cross_section, cm^2
1.000000000000000000e+00	0.000000000000000000e+00
7.637185929648241256e+01	1.436961156362243795e-30
1.517437185929648251e+02	5.069904309752137670e-32
2.271155778894472519e+02	7.534841072775451911e-33
3.024874371859296502e+02	1.975942894549005373e-33
3.778592964824120486e+02	7.048301593048702438e-34
4.532311557788945038e+02	3.045822053937975571e-34
5.286030150753769021e+02	1.502388131624234204e-34
6.039748743718593005e+02	8.151442375032201978e-35
6.793467336683416988e+02	4.757322115888954084e-35
7.547185929648240972e+02	2.941774702917388464e-35
8.300904522613064955e+02	1.906689943598196855e-35
9.054623115577890076e+02	1.279379601015597550e-35
9.808341708542714059e+02	8.903263992529182393e-36
1.056206030150753804e+03	9.683366529503523245e-18
1.131577889447236203e+03	9.987383824843995937e-20
1.206949748743718601e+03	3.548342173329527193e-22
1.282321608040200999e+03	3.422220351098027397e-19
1.357693467336683398e+03	3.007156392044715730e-18
1.433065326633165796e+03	1.127674073904675939e-21
1.508437185929648194e+03	1.202423324616793663e-22
1.583809045226130593e+03	3.736517776308481448e-18
1.659180904522612991e+03	4.691999631568464982e-20
1.734552763819095389e+03	6.884015986603302323e-15
1.809924623115578015e+03	4.602052061544785468e-17
1.885296482412060413e+03	6.017102896212117371e-19
1.960668341708542812e+03	4.559986787065517409e-18
2.036040201005025210e+03	3.268792126646024465e-20
2.111412060301507609e+03	8.995721587769453292e-18
2.186783919597990007e+03	8.897506015246734176e-19
2.262155778894472405e+03	6.705877151809890147e-19
2.337527638190954804e+03	5.476842003900668506e-21
2.412899497487437202e+03	1.904013598386339662e-21
2.488271356783919600e+03	1.680634047199962547e-19
2.563643216080401999e+03	2.528697766736614801e-20
2.639015075376884397e+03	3.320565482266938446e-20
2.714386934673366795e+03	2.123460280613352806e-20
2.789758793969849194e+03	1.887370438847539129e-22
2.865130653266331592e+03	7.906218195966218134e-23
2.940502512562813990e+03	2.437488822005472037e-23
3.015874371859296389e+03	1.102613102959212653e-23
3.091246231155778787e+03	2.529485980087295115e-23
3.166618090452261185e+03	1.524367870119582970e-23
3.241989949748743584e+03	1.818942229555291554e-23
3.317361809045225982e+03	2.569490329021833369e-23
3.392733668341708380e+03	2.238601612107943528e-23
3.468105527638190779e+03	6.557940184967369842e-23
3.543477386934673177e+03	1.628783452989115603e-22
3.618849246231156030e+03	8.630758629891800884e-22
3.694221105527638429e+03	6.095867735437281890e-20
3.769592964824120827e+03	4.199226264274845980e-21
3.844964824120603225e+03	1.375980541821734301e-21
3.920336683417085624e+03	1.281689308148055118e-21
3.995708542713568022e+03	7.384979000995322297e-22
4.071080402010050420e+03	2.346037215241361322e-21
4.146452261306532819e+03	6.668474222232004506e-19
4.221824120603015217e+03	4.956798464005382468e-21
4.297195979899497615e+03	1.193887255189439448e-21
4.372567839195980014e+03	6.649431309271727549e-22
4.447939698492462412e+03	6.113850567349238228e-22
4.523311557788944810e+03	1.101839726907228213e-20
4.598683417085427209e+03	1.103297604944364302e-21
4.674055276381909607e+03	5.016982226781522922e-21
4.749427135678392006e+03	2.283406481628923643e-21
4.824798994974874404e+03	3.220739154002787415e-22
4.900170854271356802e+03	4.578867017284701861e-22
4.975542713567839201e+03	3.256792140085884329e-21
5.050914572864321599e+03	5.849045127334141979e-20
5.126286432160803997e+03	7.628110483848333333e-22
5.201658291457286396e+03	1.764316768059432461e-22
5.277030150753768794e+03	8.453491948446075264e-23
5.352402010050251192e+03	4.876321584640571979e-23
5.427773869346733591e+03	4.164704445436960102e-23
5.503145728643215989e+03	2.528113776881306517e-23
5.578517587939698387e+03	4.552895938051904254e-23
5.653889447236180786e+03	2.413955661860073531e-22
5.729261306532663184e+03	4.982176223700610369e-21
5.804633165829145582e+03	1.473463496530561186e-22
5.880005025125627981e+03	1.491882139985611403e-23
5.955376884422110379e+03	4.081443605612125217e-24
6.030748743718592777e+03	1.865654555655688047e-24
6.106120603015075176e+03	8.952396350979906083e-25
6.181492462311557574e+03	3.524516480000957101e-25
6.256864321608039972e+03	1.906628528457797107e-25
6.332236180904522371e+03	1.873837713683906119e-25
6.407608040201004769e+03	1.276550370851069876e-25
6.482979899497487168e+03	8.996571057494626992e-26
6.558351758793969566e+03	9.405345403912378681e-26
6.633723618090451964e+03	6.391801166101767035e-26
6.709095477386934363e+03	7.777093786951422235e-26
6.784467336683416761e+03	7.653391769957748172e-26
6.859839195979899159e+03	3.677963810377558491e-26
6.935211055276381558e+03	4.336784681776393941e-26
7.010582914572863956e+03	1.511794957657426072e-26
7.085954773869346354e+03	2.075990831331200541e-26
7.161326633165828753e+03	3.429739421582686077e-26
7.236698492462312061e+03	1.653810607790553539e-26
7.312070351758794459e+03	2.798328432139756865e-26
7.387442211055276857e+03	1.840844034257322129e-26
7.462814070351759256e+03	2.933351103432239234e-26
7.538185929648241654e+03	6.369473633791104216e-27
7.613557788944724052e+03	1.761792573525080787e-26
7.688929648241206451e+03	5.535369630913091821e-27
7.764301507537688849e+03	6.384823037841848586e-27
7.839673366834171247e+03	5.611175976864005609e-27
7.915045226130653646e+03	7.395946804712333697e-27
7.990417085427136044e+03	4.556365414273229663e-27
8.065788944723618442e+03	3.972401120513194433e-27
8.141160804020100841e+03	2.589332645830989785e-27
8.216532663316582330e+03	6.127728119112057201e-27
8.291904522613065637e+03	2.076538553606924028e-27
8.367276381909547126e+03	9.528393286905025963e-28
8.442648241206030434e+03	6.466840566548025215e-27
8.518020100502511923e+03	1.335470337709733449e-27
8.593391959798995231e+03	4.439601697179737653e-27
8.668763819095476720e+03	4.578337460260080955e-27
8.744135678391960028e+03	2.845114204307690802e-28
8.819507537688441516e+03	1.062267884401619182e-27
8.894879396984924824e+03	2.951507270479651078e-27
8.970251256281406313e+03	5.419784476217829433e-27
9.045623115577889621e+03	2.264535089046698559e-27
9.120994974874371110e+03	2.673352559172300412e-27
9.196366834170854418e+03	4.657440705210983514e-28
9.271738693467335906e+03	2.473450634126117683e-27
9.347110552763819214e+03	1.619906692616355323e-27
9.422482412060300703e+03	1.827880042856536141e-27
9.497854271356784011e+03	3.580675190220968547e-28
9.573226130653265500e+03	4.446820819200296302e-28
9.648597989949748808e+03	1.423490126882890149e-27
9.723969849246232116e+03	1.534146895264514656e-27
9.799341708542713604e+03	6.482345033064259565e-28
9.874713567839196912e+03	1.048596038835903419e-27
9.950085427135678401e+03	1.160925206818562665e-27
1.002545728643216171e+04	8.083593061911507988e-28
1.010082914572864320e+04	5.937040983870076711e-28
1.017620100502512651e+04	3.860457233036585994e-28
1.025157286432160799e+04	2.411283793906317292e-28
1.032694472361809130e+04	1.884163247818199406e-28
1.040231658291457279e+04	4.714270092639133843e-28
1.047768844221105610e+04	9.670550654972740702e-28
1.055306030150753759e+04	5.592855644106492578e-28
1.062843216080402090e+04	1.550578965756924789e-27
1.070380402010050238e+04	5.037068704524554282e-28
1.077917587939698569e+04	8.882423025312715866e-28
1.085454773869346718e+04	5.376584365315437470e-28
1.092991959798995049e+04	1.239016781021772249e-27
1.100529145728643198e+04	1.975946504994693185e-28
1.108066331658291529e+04	8.248216794853812279e-28
1.115603517587939677e+04	3.317851791530618656e-28
1.123140703517588008e+04	4.036938240315751136e-29
1.130677889447236157e+04	2.991462445393942517e-28
1.138215075376884488e+04	7.183121659062495711e-29
1.145752261306532637e+04	2.638126402041486124e-28
1.153289447236180968e+04	4.383570048758376755e-28
1.160826633165829116e+04	1.350674922592957812e-28
1.168363819095477447e+04	1.538607621232645599e-28
1.175901005025125596e+04	1.029565240804373404e-28
1.183438190954773927e+04	2.345997427909287728e-28
1.190975376884422076e+04	1.524745821771973397e-28
1.198512562814070407e+04	3.538425344252740949e-28
1.206049748743718555e+04	2.441084367807532857e-28
1.213586934673366886e+04	1.248235793443035876e-28
1.221124120603015035e+04	1.457450627601156764e-28
1.228661306532663366e+04	6.822547123440848867e-29
1.236198492462311515e+04	4.162064799546190914e-29
1.243735678391959846e+04	1.435544940056759472e-28
1.251272864321607994e+04	2.018947545857919349e-28
1.258810050251256325e+04	3.634679318183219329e-29
1.266347236180904474e+04	1.310704679087156654e-28
1.273884422110552805e+04	1.430042014937621261e-28
1.281421608040200954e+04	8.706372520762171315e-29
1.288958793969849285e+04	9.823367066578898594e-29
1.296495979899497434e+04	1.380328860967628036e-28
1.304033165829145764e+04	1.436430153625109453e-28
1.311570351758793913e+04	1.345316263904632056e-28
1.319107537688442244e+04	8.257886140000037837e-29
1.326644723618090393e+04	8.825611927547515315e-29
1.334181909547738724e+04	1.527203402658513956e-28
1.341719095477386873e+04	1.781614444146580493e-28
1.349256281407035203e+04	7.745773430341003144e-29
1.356793467336683352e+04	9.946917758303694298e-29
1.364330653266331683e+04	1.194537937375780447e-28
1.371867839195979832e+04	4.041223626143414390e-29
1.379405025125628163e+04	8.533188681630123059e-29
1.386942211055276312e+04	1.155474287731145961e-28
1.394479396984924642e+04	1.357290884041803088e-28
1.402016582914572791e+04	1.064908172903911589e-28
1.409553768844221122e+04	3.151417644679181849e-29
1.417090954773869271e+04	8.707957957329373097e-29
1.424628140703517602e+04	6.516503311775515204e-29
1.432165326633165751e+04	1.305181807860205449e-28
1.439702512562814081e+04	8.564181159000514458e-29
1.447239698492462412e+04	1.314378048385431608e-28
1.454776884422110561e+04	6.674843368854943483e-29
1.462314070351758892e+04	9.489961101460208345e-29
1.469851256281407041e+04	1.036850817172178156e-28
1.477388442211055371e+04	8.209188057458323902e-29
1.484925628140703520e+04	6.902907850249912189e-29
1.492462814070351851e+04	6.286321852701864010e-29
1.500000000000000000e+04	1.464632278740332040e-28
