# Chain:	[5641.2, 4870.0, 3603.06, 2841.2, 2640.63, 2265.8, 1721.43, 1011.8, 9.4057]
# Electron_projectile_energy, keV	cross_section, cm^2
1.000000000000000000e+00	0.000000000000000000e+00
7.637185929648241256e+01	1.436961156362243795e-30
1.517437185929648251e+02	5.069904309752137670e-32
2.271155778894472519e+02	7.534841072775451911e-33
3.024874371859296502e+02	1.975942894549005373e-33
3.778592964824120486e+02	7.048301593048702438e-34
4.532311557788945038e+02	3.045822053937975571e-34
5.286030150753769021e+02	1.502388131624234204e-34
6.039748743718593005e+02	8.151442375032201978e-35
6.793467336683416988e+02	4.757322115888954084e-35
7.547185929648240972e+02	2.941774702917388464e-35
8.300904522613064955e+02	1.906689943598196855e-35
9.054623115577890076e+02	1.279379601015597550e-35
9.808341708542714059e+02	8.903263992529182393e-36
1.056206030150753804e+03	7.911258016613479351e-18
1.131577889447236203e+03	8.159638500572582226e-20
1.206949748743718601e+03	2.898987497133613879e-22
1.282321608040200999e+03	2.795935495413929384e-19
1.357693467336683398e+03	2.456830487987054375e-18
1.433065326633165796e+03	9.213036117274425306e-22
1.508437185929648194e+03	9.823733467103729952e-23
1.583809045226130593e+03	3.736509964107529700e-18
1.659180904522612991e+03	4.691166359536769959e-20
1.734552763819095389e+03	1.874744519371157749e-16
1.809924623115578015e+03	4.357626886266478554e-17
1.885296482412060413e+03	5.739375640320642629e-20
1.960668341708542812e+03	1.270246058870562763e-19
2.036040201005025210e+03	2.445876872822665475e-20
2.111412060301507609e+03	3.141392417092405302e-19
2.186783919597990007e+03	8.829594807892950166e-19
2.262155778894472405e+03	6.684376444633361870e-19
2.337527638190954804e+03	4.916347596483379614e-21
2.412899497487437202e+03	1.443415025175758231e-21
2.488271356783919600e+03	1.372757097709770734e-19
2.563643216080401999e+03	9.037686561624948219e-22
2.639015075376884397e+03	9.530949288812164327e-22
2.714386934673366795e+03	5.984873761598189998e-22
2.789758793969849194e+03	1.639581113525027002e-23
2.865130653266331592e+03	1.330872086181408842e-23
2.940502512562813990e+03	9.449558093093717614e-24
3.015874371859296389e+03	5.036246545562098991e-24
3.091246231155778787e+03	1.830140337164501407e-23
3.166618090452261185e+03	1.456584395172255577e-23
3.241989949748743584e+03	1.725013400266965082e-23
3.317361809045225982e+03	2.446819458448757958e-23
3.392733668341708380e+03	2.087395518173383039e-23
3.468105527638190779e+03	6.398997941578798908e-23
3.543477386934673177e+03	1.620809685850471189e-22
3.618849246231156030e+03	8.622101671694646365e-22
3.694221105527638429e+03	6.095766812740432443e-20
3.769592964824120827e+03	4.196820685702141586e-21
3.844964824120603225e+03	1.374251744926427570e-21
3.920336683417085624e+03	1.279486460540306532e-21
3.995708542713568022e+03	7.373357957228320001e-22
4.071080402010050420e+03	2.345171182907881363e-21
4.146452261306532819e+03	6.668448112747218951e-19
4.221824120603015217e+03	4.953194723942682865e-21
4.297195979899497615e+03	1.184524177922625246e-21
4.372567839195980014e+03	6.126305457266662785e-22
4.447939698492462412e+03	3.251788605258460200e-22
4.523311557788944810e+03	5.986660850917646654e-22
4.598683417085427209e+03	8.413891777747276374e-22
4.674055276381909607e+03	4.897006896899212958e-21
4.749427135678392006e+03	2.160776774397239890e-21
4.824798994974874404e+03	1.386484716797100721e-22
4.900170854271356802e+03	4.205388578247634802e-23
4.975542713567839201e+03	9.810401868333052490e-23
5.050914572864321599e+03	1.596836716607205346e-21
5.126286432160803997e+03	2.390035612134912027e-23
5.201658291457286396e+03	5.834086521962520893e-24
5.277030150753768794e+03	3.360273238053630517e-24
5.352402010050251192e+03	1.692146022214085338e-24
5.427773869346733591e+03	1.941615356538173100e-24
5.503145728643215989e+03	1.065251589473006847e-24
5.578517587939698387e+03	1.609593987379809740e-24
5.653889447236180786e+03	6.734157938473696681e-24
5.729261306532663184e+03	1.357865532005894315e-22
5.804633165829145582e+03	4.130510763833332944e-24
5.880005025125627981e+03	6.030680829068688799e-25
5.955376884422110379e+03	2.291390979709335550e-25
6.030748743718592777e+03	1.212696882826319311e-25
6.106120603015075176e+03	1.294929855702329680e-25
6.181492462311557574e+03	5.874987048648805602e-26
6.256864321608039972e+03	4.790613398992351972e-26
6.332236180904522371e+03	2.722177735062462225e-26
6.407608040201004769e+03	4.200503358587833559e-26
6.482979899497487168e+03	1.320622946726720432e-26
6.558351758793969566e+03	5.401658615021101060e-26
6.633723618090451964e+03	3.161058251465399903e-26
6.709095477386934363e+03	5.023584556171417899e-26
6.784467336683416761e+03	2.141757842443599482e-26
6.859839195979899159e+03	1.281027978540391774e-26
6.935211055276381558e+03	7.645266232073996221e-27
7.010582914572863956e+03	9.685839339698574924e-27
7.085954773869346354e+03	1.903762053224406147e-27
7.161326633165828753e+03	1.552821935597455919e-26
7.236698492462312061e+03	1.304060502753031209e-26
7.312070351758794459e+03	1.862368890708756555e-26
7.387442211055276857e+03	1.641092334497194932e-26
7.462814070351759256e+03	1.458130447510260345e-26
7.538185929648241654e+03	1.701783139371367768e-27
7.613557788944724052e+03	7.433300171467390034e-27
7.688929648241206451e+03	4.349980745792182095e-27
7.764301507537688849e+03	2.664571028952401959e-27
7.839673366834171247e+03	7.116374981075383827e-28
7.915045226130653646e+03	6.973437273296079781e-27
7.990417085427136044e+03	2.059978926857226160e-27
8.065788944723618442e+03	2.973880426856223938e-27
8.141160804020100841e+03	1.124039873355864636e-27
8.216532663316582330e+03	5.624007037232274453e-27
8.291904522613065637e+03	4.811569692689109293e-28
8.367276381909547126e+03	1.917013943857505530e-28
8.442648241206030434e+03	8.619136099073177121e-28
8.518020100502511923e+03	5.886410586278389275e-28
8.593391959798995231e+03	4.084783651546412654e-27
8.668763819095476720e+03	2.966176718821083675e-27
8.744135678391960028e+03	2.651545137200808387e-28
8.819507537688441516e+03	8.290557494762452078e-29
8.894879396984924824e+03	2.645891659452991731e-27
8.970251256281406313e+03	3.855144151049392000e-27
9.045623115577889621e+03	1.274812864691142990e-27
9.120994974874371110e+03	1.407872392027280914e-27
9.196366834170854418e+03	3.033539774042911945e-28
9.271738693467335906e+03	7.498101513337470752e-28
9.347110552763819214e+03	5.707399420393784896e-28
9.422482412060300703e+03	1.250372541887499817e-27
9.497854271356784011e+03	1.142555591042924420e-28
9.573226130653265500e+03	2.741383271878472256e-28
9.648597989949748808e+03	6.305458194184460453e-28
9.723969849246232116e+03	7.821948337193440956e-28
9.799341708542713604e+03	4.875317554468912043e-29
9.874713567839196912e+03	9.631157031258770638e-28
9.950085427135678401e+03	9.533595496379887996e-28
1.002545728643216171e+04	4.159632406062774422e-28
1.010082914572864320e+04	8.331142375603011814e-29
1.017620100502512651e+04	2.780495122471912068e-28
1.025157286432160799e+04	1.125725979994984683e-28
1.032694472361809130e+04	1.766392365486273574e-28
1.040231658291457279e+04	1.453296297115404240e-28
1.047768844221105610e+04	7.445707883044576952e-28
1.055306030150753759e+04	4.023847425476298805e-28
1.062843216080402090e+04	1.375286051539019310e-27
1.070380402010050238e+04	1.108034288347174826e-28
1.077917587939698569e+04	7.073667487760704217e-28
1.085454773869346718e+04	1.642279135270942513e-28
1.092991959798995049e+04	1.226021748688192177e-27
1.100529145728643198e+04	1.135203156286425408e-28
1.108066331658291529e+04	8.196585093053991418e-28
1.115603517587939677e+04	4.967694731607590099e-29
1.123140703517588008e+04	3.026277186081295354e-29
1.130677889447236157e+04	2.441720254371897278e-28
1.138215075376884488e+04	4.488195087487691331e-29
1.145752261306532637e+04	6.664601609203128171e-29
1.153289447236180968e+04	3.856090820990940725e-28
1.160826633165829116e+04	1.306799643742917665e-28
1.168363819095477447e+04	8.878400202715705249e-29
1.175901005025125596e+04	6.657305315018362721e-29
1.183438190954773927e+04	1.822687684516729069e-28
1.190975376884422076e+04	3.892846941856075698e-29
1.198512562814070407e+04	2.909169616696574629e-28
1.206049748743718555e+04	1.593837714870127670e-28
1.213586934673366886e+04	4.528757954251685259e-29
1.221124120603015035e+04	3.755683736328573552e-29
1.228661306532663366e+04	5.709705444621235529e-29
1.236198492462311515e+04	2.731036115800064554e-29
1.243735678391959846e+04	1.176127760894901167e-28
1.251272864321607994e+04	6.165065703066751324e-29
1.258810050251256325e+04	2.351301646417346156e-29
1.266347236180904474e+04	1.195793180249070144e-28
1.273884422110552805e+04	1.344403802520007306e-28
1.281421608040200954e+04	5.117669985711197707e-29
1.288958793969849285e+04	7.010234803081006539e-29
1.296495979899497434e+04	1.078673381836188716e-28
1.304033165829145764e+04	1.230884061054568372e-28
1.311570351758793913e+04	6.848708482460453104e-29
1.319107537688442244e+04	7.307930864322250518e-29
1.326644723618090393e+04	6.875035092214752199e-29
1.334181909547738724e+04	1.454911021681290614e-28
1.341719095477386873e+04	1.462725033304701150e-28
1.349256281407035203e+04	4.786770406321363407e-29
1.356793467336683352e+04	9.185875129169139260e-29
1.364330653266331683e+04	9.798446267730949421e-29
1.371867839195979832e+04	3.316471731556729405e-29
1.379405025125628163e+04	4.808500835519312595e-29
1.386942211055276312e+04	1.117151485406109278e-28
1.394479396984924642e+04	1.085493445709988828e-28
1.402016582914572791e+04	7.479051601630971298e-29
1.409553768844221122e+04	1.079697969649259135e-29
1.417090954773869271e+04	8.077732432521992947e-29
1.424628140703517602e+04	5.604532584588326693e-29
1.432165326633165751e+04	1.233853835537126637e-28
1.439702512562814081e+04	7.076700109146663824e-29
1.447239698492462412e+04	1.246979605556870269e-28
1.454776884422110561e+04	6.301563211052143278e-29
1.462314070351758892e+04	8.081014823791800068e-29
1.469851256281407041e+04	9.339774652061087794e-29
1.477388442211055371e+04	7.318529718000999949e-29
1.484925628140703520e+04	3.849630004548621305e-29
1.492462814070351851e+04	5.169147264332901098e-29
1.500000000000000000e+04	1.365350728833315389e-28
