# Chain:	[5641.2, 4870.0, 4218.4, 3157.51, 2841.2, 2640.63, 2265.8, 1738.19, 9.4057]
# Electron_projectile_energy, keV	cross_section, cm^2
1.000000000000000000e+00	0.000000000000000000e+00
7.637185929648241256e+01	3.520775150441528262e-30
1.517437185929648251e+02	1.242204288533456371e-31
2.271155778894472519e+02	1.846151588308239064e-32
3.024874371859296502e+02	4.841363046605478992e-33
3.778592964824120486e+02	1.726941956068266359e-33
4.532311557788945038e+02	7.462731022819850271e-34
5.286030150753769021e+02	3.681081271209694061e-34
6.039748743718593005e+02	1.997228361198277215e-34
6.793467336683416988e+02	1.165616858473060065e-34
7.547185929648240972e+02	7.207799060100739179e-35
8.300904522613064955e+02	4.671682698794541275e-35
9.054623115577890076e+02	3.134676179167362912e-35
9.808341708542714059e+02	2.181436184543283628e-35
1.056206030150753804e+03	9.683366529503523245e-18
1.131577889447236203e+03	4.653224088706857750e-15
1.206949748743718601e+03	3.758884197223187519e-18
1.282321608040200999e+03	5.239116151032618777e-18
1.357693467336683398e+03	3.015870379630520578e-18
1.433065326633165796e+03	1.253518880278703562e-17
1.508437185929648194e+03	1.114998685903473090e-16
1.583809045226130593e+03	3.738934921926101149e-18
1.659180904522612991e+03	4.721903036891997566e-20
1.734552763819095389e+03	6.884016020965038114e-15
1.809924623115578015e+03	1.143554950640733447e-15
1.885296482412060413e+03	1.697116037164027866e-14
1.960668341708542812e+03	1.349436694313357376e-17
2.036040201005025210e+03	3.673824774289541066e-20
2.111412060301507609e+03	1.027916774433352884e-17
2.186783919597990007e+03	9.839272316371820457e-19
2.262155778894472405e+03	6.760206015976443435e-19
2.337527638190954804e+03	1.349101648845068676e-20
2.412899497487437202e+03	6.904449630108753383e-21
2.488271356783919600e+03	2.071201109995574366e-19
2.563643216080401999e+03	1.164480022136542469e-18
2.639015075376884397e+03	4.623696897454972278e-17
2.714386934673366795e+03	1.240151768219830965e-19
2.789758793969849194e+03	6.052412680716168047e-21
2.865130653266331592e+03	2.520299953899412239e-20
2.940502512562813990e+03	3.293924884436133132e-22
3.015874371859296389e+03	8.042465154877268303e-23
3.091246231155778787e+03	4.729362286919557161e-23
3.166618090452261185e+03	3.666120108820891942e-23
3.241989949748743584e+03	2.381470708150109445e-23
3.317361809045225982e+03	2.906539750212645308e-23
3.392733668341708380e+03	2.469667642893078614e-23
3.468105527638190779e+03	6.673020802545736606e-23
3.543477386934673177e+03	1.678789099775015159e-22
3.618849246231156030e+03	8.638894841773682561e-22
3.694221105527638429e+03	6.096051520153366917e-20
3.769592964824120827e+03	4.202738362731436415e-21
3.844964824120603225e+03	1.379555105718694858e-21
3.920336683417085624e+03	1.283342602380270753e-21
3.995708542713568022e+03	7.412013719956851933e-22
4.071080402010050420e+03	2.349254364860903309e-21
4.146452261306532819e+03	6.668512103672517040e-19
4.221824120603015217e+03	4.961493934543022965e-21
4.297195979899497615e+03	1.205339793660919257e-21
4.372567839195980014e+03	6.830908773958433126e-22
4.447939698492462412e+03	6.620108018752255805e-22
4.523311557788944810e+03	1.302233795082312289e-20
4.598683417085427209e+03	1.014753069365031699e-20
4.674055276381909607e+03	5.441544687781180234e-21
4.749427135678392006e+03	2.506181094584529254e-21
4.824798994974874404e+03	4.972313312690840224e-22
4.900170854271356802e+03	7.512459239854222863e-22
4.975542713567839201e+03	3.868073413960871912e-21
5.050914572864321599e+03	6.438786016056321966e-20
5.126286432160803997e+03	1.173743779168317951e-19
5.201658291457286396e+03	1.637699523447088473e-21
5.277030150753768794e+03	4.193398555372202560e-22
5.352402010050251192e+03	1.942316212779767881e-22
5.427773869346733591e+03	1.364702937995016566e-22
5.503145728643215989e+03	9.333183675215417325e-23
5.578517587939698387e+03	1.262860640130867853e-22
5.653889447236180786e+03	3.591185138200679717e-22
5.729261306532663184e+03	4.986866152564939471e-21
5.804633165829145582e+03	1.869056883303136483e-21
5.880005025125627981e+03	5.484634042109454807e-22
5.955376884422110379e+03	4.139114758307053779e-23
6.030748743718592777e+03	1.095934224710625819e-23
6.106120603015075176e+03	4.347714974265382009e-24
6.181492462311557574e+03	1.885484570854681348e-24
6.256864321608039972e+03	8.469104514506028727e-25
6.332236180904522371e+03	7.126943538431079047e-25
6.407608040201004769e+03	4.178591819041112927e-25
6.482979899497487168e+03	3.323661147364885097e-25
6.558351758793969566e+03	2.334400619075861727e-25
6.633723618090451964e+03	1.487856500513438720e-25
6.709095477386934363e+03	1.293677096304941257e-25
6.784467336683416761e+03	1.185670804961298838e-25
6.859839195979899159e+03	1.010502949241527102e-25
6.935211055276381558e+03	6.950235907641212447e-26
7.010582914572863956e+03	3.752533535417190325e-26
7.085954773869346354e+03	6.241544361991127725e-26
7.161326633165828753e+03	6.861524175240772781e-26
7.236698492462312061e+03	3.181848099251694870e-26
7.312070351758794459e+03	5.106197887570478112e-26
7.387442211055276857e+03	3.043418427897821128e-26
7.462814070351759256e+03	6.185223223647706906e-26
7.538185929648241654e+03	3.148765577184362219e-26
7.613557788944724052e+03	3.057665511769203719e-26
7.688929648241206451e+03	1.378824330792246196e-26
7.764301507537688849e+03	1.477531548215894465e-26
7.839673366834171247e+03	1.822572491310805140e-26
7.915045226130653646e+03	1.148041349735195028e-26
7.990417085427136044e+03	7.437647230717956220e-27
8.065788944723618442e+03	1.174984585594505387e-26
8.141160804020100841e+03	5.818145763599703598e-27
8.216532663316582330e+03	7.380453824699452826e-27
8.291904522613065637e+03	1.040496667839049689e-26
8.367276381909547126e+03	7.301413472585253698e-27
8.442648241206030434e+03	1.083047436648892470e-26
8.518020100502511923e+03	3.421773958649136598e-27
8.593391959798995231e+03	5.298432256431651878e-27
8.668763819095476720e+03	8.142988201257616020e-27
8.744135678391960028e+03	3.394163538473639587e-27
8.819507537688441516e+03	1.963618689748459162e-27
8.894879396984924824e+03	5.661245136564129103e-27
8.970251256281406313e+03	7.889784232049381129e-27
9.045623115577889621e+03	5.388150254925755185e-27
9.120994974874371110e+03	5.101532362977434207e-27
9.196366834170854418e+03	2.369868346775143178e-27
9.271738693467335906e+03	2.935329177831989972e-27
9.347110552763819214e+03	3.699900590796866658e-27
9.422482412060300703e+03	3.828634160254720566e-27
9.497854271356784011e+03	1.345584365521532192e-27
9.573226130653265500e+03	6.133136575055025020e-28
9.648597989949748808e+03	1.827155179946232269e-27
9.723969849246232116e+03	4.246747983992729768e-27
9.799341708542713604e+03	1.347431985768670608e-27
9.874713567839196912e+03	2.137099180241782238e-27
9.950085427135678401e+03	1.868401982853108722e-27
1.002545728643216171e+04	1.244389714608202485e-27
1.010082914572864320e+04	1.225036786687982638e-27
1.017620100502512651e+04	1.678355429208494460e-27
1.025157286432160799e+04	6.293986484056733588e-28
1.032694472361809130e+04	3.644607353117080218e-28
1.040231658291457279e+04	1.166557007402394063e-27
1.047768844221105610e+04	1.906148467470281058e-27
1.055306030150753759e+04	9.650701676700742615e-28
1.062843216080402090e+04	1.721615885633384778e-27
1.070380402010050238e+04	1.308823443695635018e-27
1.077917587939698569e+04	1.212536671917847899e-27
1.085454773869346718e+04	7.150647722141639298e-28
1.092991959798995049e+04	1.412111599077011655e-27
1.100529145728643198e+04	5.886235702133603075e-28
1.108066331658291529e+04	9.422869627011141608e-28
1.115603517587939677e+04	1.320552119600292134e-27
1.123140703517588008e+04	1.089567463908967007e-27
1.130677889447236157e+04	8.262444546904807684e-28
1.138215075376884488e+04	2.187795284909481669e-28
1.145752261306532637e+04	5.804403205072198024e-28
1.153289447236180968e+04	8.677159620110083924e-28
1.160826633165829116e+04	3.556455511603667550e-28
1.168363819095477447e+04	3.291983587606602245e-28
1.175901005025125596e+04	3.144614366430589215e-28
1.183438190954773927e+04	3.936723643477661483e-28
1.190975376884422076e+04	2.321483908032463181e-28
1.198512562814070407e+04	6.140436549972323587e-28
1.206049748743718555e+04	4.731925955484398902e-28
1.213586934673366886e+04	2.599672245626025458e-28
1.221124120603015035e+04	2.002058308197177561e-28
1.228661306532663366e+04	1.325849318586884590e-28
1.236198492462311515e+04	1.116415302193578258e-28
1.243735678391959846e+04	2.646229080456297387e-28
1.251272864321607994e+04	3.381021211895768592e-28
1.258810050251256325e+04	1.209909522113508254e-28
1.266347236180904474e+04	1.987631719857316026e-28
1.273884422110552805e+04	2.463364259465825852e-28
1.281421608040200954e+04	2.768782246389841921e-28
1.288958793969849285e+04	1.770609245412363496e-28
1.296495979899497434e+04	1.848817949979988799e-28
1.304033165829145764e+04	2.484649766456236040e-28
1.311570351758793913e+04	2.216656603563764493e-28
1.319107537688442244e+04	2.497691141143100884e-28
1.326644723618090393e+04	1.407884008262647303e-28
1.334181909547738724e+04	2.179831425246634083e-28
1.341719095477386873e+04	2.903801044966351531e-28
1.349256281407035203e+04	1.218524421439211887e-28
1.356793467336683352e+04	1.926808192981108424e-28
1.364330653266331683e+04	2.682558558832117389e-28
1.371867839195979832e+04	9.046735261306698999e-29
1.379405025125628163e+04	1.214642716787993609e-28
1.386942211055276312e+04	1.793903147124805711e-28
1.394479396984924642e+04	1.681857557462399175e-28
1.402016582914572791e+04	1.776184642687097497e-28
1.409553768844221122e+04	7.176928440796808555e-29
1.417090954773869271e+04	1.204345450556079280e-28
1.424628140703517602e+04	1.049455325215729130e-28
1.432165326633165751e+04	1.917938374609004737e-28
1.439702512562814081e+04	1.496298937901724335e-28
1.447239698492462412e+04	1.603576022017166157e-28
1.454776884422110561e+04	9.459843923067623576e-29
1.462314070351758892e+04	1.274373518046942214e-28
1.469851256281407041e+04	1.661985439378285572e-28
1.477388442211055371e+04	1.256888344423932194e-28
1.484925628140703520e+04	1.092622343059099163e-28
1.492462814070351851e+04	1.199906024883612371e-28
1.500000000000000000e+04	2.057105840066373823e-28
