# Chain:	[6373.4, 5683.4, 5103.3, 4585.2, 4172.3, 3411.54, 2550.85, 2265.8, 1738.19, 1102.73, 9.4057]
# Electron_projectile_energy, keV	cross_section, cm^2
1.000000000000000000e+00	0.000000000000000000e+00
7.637185929648241256e+01	1.436961156362243795e-30
1.517437185929648251e+02	5.069904309752137670e-32
2.271155778894472519e+02	7.534841072775451911e-33
3.024874371859296502e+02	1.975942894549005373e-33
3.778592964824120486e+02	7.048301593048702438e-34
4.532311557788945038e+02	3.045822053937975571e-34
5.286030150753769021e+02	1.502388131624234204e-34
6.039748743718593005e+02	8.151442375032201978e-35
6.793467336683416988e+02	4.757322115888954084e-35
7.547185929648240972e+02	2.941774702917388464e-35
8.300904522613064955e+02	1.906689943598196855e-35
9.054623115577890076e+02	1.279379601015597550e-35
9.808341708542714059e+02	8.903263992529182393e-36
1.056206030150753804e+03	9.683366529503523245e-18
1.131577889447236203e+03	9.987383824843995937e-20
1.206949748743718601e+03	3.548342173329527193e-22
1.282321608040200999e+03	3.422220351098027397e-19
1.357693467336683398e+03	3.007156392044715730e-18
1.433065326633165796e+03	1.127674073904675939e-21
1.508437185929648194e+03	1.202423324616793663e-22
1.583809045226130593e+03	3.736517776308481448e-18
1.659180904522612991e+03	4.691999631568464982e-20
1.734552763819095389e+03	6.884015986603302323e-15
1.809924623115578015e+03	5.495352692272176236e-17
1.885296482412060413e+03	1.387277803208474977e-16
1.960668341708542812e+03	4.632704393580455352e-18
2.036040201005025210e+03	3.272003377203987201e-20
2.111412060301507609e+03	9.006166672136773509e-18
2.186783919597990007e+03	8.905132205173450670e-19
2.262155778894472405e+03	6.705914799173164203e-19
2.337527638190954804e+03	5.478571908251311656e-21
2.412899497487437202e+03	1.908015917313041184e-21
2.488271356783919600e+03	1.680781818391241084e-19
2.563643216080401999e+03	3.427492542768134746e-20
2.639015075376884397e+03	4.092461547531122689e-19
2.714386934673366795e+03	2.206313351379495156e-20
2.789758793969849194e+03	2.016590463897150982e-22
2.865130653266331592e+03	8.163515324986450635e-23
2.940502512562813990e+03	2.493780117732158857e-23
3.015874371859296389e+03	1.128314438865979715e-23
3.091246231155778787e+03	2.537882280177779452e-23
3.166618090452261185e+03	1.537868877290553161e-23
3.241989949748743584e+03	1.820819043880409623e-23
3.317361809045225982e+03	2.570584104040658472e-23
3.392733668341708380e+03	2.239650832349092999e-23
3.468105527638190779e+03	6.558121294642563558e-23
3.543477386934673177e+03	1.629127641344912517e-22
3.618849246231156030e+03	8.630778898030892095e-22
3.694221105527638429e+03	6.095868795413619184e-20
3.769592964824120827e+03	4.199252523338359301e-21
3.844964824120603225e+03	1.376007791837331784e-21
3.920336683417085624e+03	1.281701654389608705e-21
3.995708542713568022e+03	7.385192188621147102e-22
4.071080402010050420e+03	2.346063041770455925e-21
4.146452261306532819e+03	6.668474524868716700e-19
4.221824120603015217e+03	4.956836277676756670e-21
4.297195979899497615e+03	1.193980187171524137e-21
4.372567839195980014e+03	6.650906483321456401e-22
4.447939698492462412e+03	6.117966320640015466e-22
4.523311557788944810e+03	1.103470754257120871e-20
4.598683417085427209e+03	1.176909738995024977e-21
4.674055276381909607e+03	5.020437729779275178e-21
4.749427135678392006e+03	2.285219657855243500e-21
4.824798994974874404e+03	3.234992679053804665e-22
4.900170854271356802e+03	4.602743346111878789e-22
4.975542713567839201e+03	3.261767322262775210e-21
5.050914572864321599e+03	5.853845119973790537e-20
5.126286432160803997e+03	1.711931095437334744e-21
5.201658291457286396e+03	1.883251653690071956e-22
5.277030150753768794e+03	8.725991973341080977e-23
5.352402010050251192e+03	4.994715802839322279e-23
5.427773869346733591e+03	4.241879637014152784e-23
5.503145728643215989e+03	2.583494528470176202e-23
5.578517587939698387e+03	4.618624256885623258e-23
5.653889447236180786e+03	2.423536928256864727e-22
5.729261306532663184e+03	4.982214382972044498e-21
5.804633165829145582e+03	1.613595997529176523e-22
5.880005025125627981e+03	1.926141108160124487e-23
5.955376884422110379e+03	4.385097841344500443e-24
6.030748743718592777e+03	1.939666788780601984e-24
6.106120603015075176e+03	9.233324159170867853e-25
6.181492462311557574e+03	3.649026490937108776e-25
6.256864321608039972e+03	1.959840978290402401e-25
6.332236180904522371e+03	1.916449047499638000e-25
6.407608040201004769e+03	1.299912722108099695e-25
6.482979899497487168e+03	9.193633418312528004e-26
6.558351758793969566e+03	9.517847056349373446e-26
6.633723618090451964e+03	6.460073220608626930e-26
6.709095477386934363e+03	7.818439304835324489e-26
6.784467336683416761e+03	7.687001121191877120e-26
6.859839195979899159e+03	3.730051823253465836e-26
6.935211055276381558e+03	4.357701272314558592e-26
7.010582914572863956e+03	1.529772278019229491e-26
7.085954773869346354e+03	2.109660344275605700e-26
7.161326633165828753e+03	3.457171011975856048e-26
7.236698492462312061e+03	1.666194020730298238e-26
7.312070351758794459e+03	2.816191083518165680e-26
7.387442211055276857e+03	1.850368235518897380e-26
7.462814070351759256e+03	2.959526161378824168e-26
7.538185929648241654e+03	6.572997406251804100e-27
7.613557788944724052e+03	1.772166937816154139e-26
7.688929648241206451e+03	5.601353017862121778e-27
7.764301507537688849e+03	6.452477009415691113e-27
7.839673366834171247e+03	5.712633340741265419e-27
7.915045226130653646e+03	7.427310162141216952e-27
7.990417085427136044e+03	4.578829900302824800e-27
8.065788944723618442e+03	4.034125257896520619e-27
8.141160804020100841e+03	2.612432804323758307e-27
8.216532663316582330e+03	6.137052146614174777e-27
8.291904522613065637e+03	2.142020533249048350e-27
8.367276381909547126e+03	1.003385500168016064e-27
8.442648241206030434e+03	6.500116825811081562e-27
8.518020100502511923e+03	1.351817660641000893e-27
8.593391959798995231e+03	4.445209307077578003e-27
8.668763819095476720e+03	4.606292496537601784e-27
8.744135678391960028e+03	3.088863441996938491e-28
8.819507537688441516e+03	1.069154471065379772e-27
8.894879396984924824e+03	2.972785301890990348e-27
8.970251256281406313e+03	5.438860709287387583e-27
9.045623115577889621e+03	2.288800593675514602e-27
9.120994974874371110e+03	2.691244679689287722e-27
9.196366834170854418e+03	4.802982191837490295e-28
9.271738693467335906e+03	2.476354695732595801e-27
9.347110552763819214e+03	1.635920145550130549e-27
9.422482412060300703e+03	1.843287912627507919e-27
9.497854271356784011e+03	3.654697582132925229e-28
9.573226130653265500e+03	4.450567871935754032e-28
9.648597989949748808e+03	1.426028945981735262e-27
9.723969849246232116e+03	1.555020289821233186e-27
9.799341708542713604e+03	6.526958097682834437e-28
9.874713567839196912e+03	1.056696665845840955e-27
9.950085427135678401e+03	1.165872314948345394e-27
1.002545728643216171e+04	8.115308321133695848e-28
1.010082914572864320e+04	5.980041278227016121e-28
1.017620100502512651e+04	3.958369146457146913e-28
1.025157286432160799e+04	2.431377820105585095e-28
1.032694472361809130e+04	1.895048011995873783e-28
1.040231658291457279e+04	4.763717103580811984e-28
1.047768844221105610e+04	9.738661258666687223e-28
1.055306030150753759e+04	5.620851273287226688e-28
1.062843216080402090e+04	1.551153643086484180e-27
1.070380402010050238e+04	5.093275963106633846e-28
1.077917587939698569e+04	8.905307390527396932e-28
1.085454773869346718e+04	5.381767422690172905e-28
1.092991959798995049e+04	1.239613482236320756e-27
1.100529145728643198e+04	2.005781465730266667e-28
1.108066331658291529e+04	8.251611882406773005e-28
1.115603517587939677e+04	3.394496581500306758e-28
1.123140703517588008e+04	4.846343372917133159e-29
1.130677889447236157e+04	3.030976000810447177e-28
1.138215075376884488e+04	7.250026860583112787e-29
1.145752261306532637e+04	2.659522314007290238e-28
1.153289447236180968e+04	4.414645097254279976e-28
1.160826633165829116e+04	1.363314155189278485e-28
1.168363819095477447e+04	1.547403320509872631e-28
1.175901005025125596e+04	1.042257981624845647e-28
1.183438190954773927e+04	2.355170453269532130e-28
1.190975376884422076e+04	1.525439565441680424e-28
1.198512562814070407e+04	3.556282831910142164e-28
1.206049748743718555e+04	2.456127956119881482e-28
1.213586934673366886e+04	1.255553500853639019e-28
1.221124120603015035e+04	1.457781316496577663e-28
1.228661306532663366e+04	6.836835033989392748e-29
1.236198492462311515e+04	4.182047281449865675e-29
1.243735678391959846e+04	1.442555694789722675e-28
1.251272864321607994e+04	2.026017206010728861e-28
1.258810050251256325e+04	3.670247592791389741e-29
1.266347236180904474e+04	1.312174974820912242e-28
1.273884422110552805e+04	1.435414188590656127e-28
1.281421608040200954e+04	8.833102051789075674e-29
1.288958793969849285e+04	9.857474334545017566e-29
1.296495979899497434e+04	1.380568022446439579e-28
1.304033165829145764e+04	1.441471034650446981e-28
1.311570351758793913e+04	1.349680936620631177e-28
1.319107537688442244e+04	8.360937668952330271e-29
1.326644723618090393e+04	8.835146608068689560e-29
1.334181909547738724e+04	1.529479689978844387e-28
1.341719095477386873e+04	1.788523598334848029e-28
1.349256281407035203e+04	7.757980577210254935e-29
1.356793467336683352e+04	9.998172398023905863e-29
1.364330653266331683e+04	1.203473841500934086e-28
1.371867839195979832e+04	4.057123886853648458e-29
1.379405025125628163e+04	8.543173421239611371e-29
1.386942211055276312e+04	1.158452613033048934e-28
1.394479396984924642e+04	1.357361475817827179e-28
1.402016582914572791e+04	1.067929995793698258e-28
1.409553768844221122e+04	3.164722421575839645e-29
1.417090954773869271e+04	8.708197954662198892e-29
1.424628140703517602e+04	6.526947789571081061e-29
1.432165326633165751e+04	1.308190666460506445e-28
1.439702512562814081e+04	8.590082172588423994e-29
1.447239698492462412e+04	1.314856830267612994e-28
1.454776884422110561e+04	6.674881554700136948e-29
1.462314070351758892e+04	9.493795192648439522e-29
1.469851256281407041e+04	1.039710772252644362e-28
1.477388442211055371e+04	8.226918122532434168e-29
1.484925628140703520e+04	6.912230012124101387e-29
1.492462814070351851e+04	6.313861130775904136e-29
1.500000000000000000e+04	1.467600266411377942e-28
