# Chain:	[5641.2, 4870.0, 3603.06, 3157.51, 2841.2, 2640.63, 2510.15, 2338.06, 1170.4, 690.146, 571.1538, 41.5575, 9.4057]
# Electron_projectile_energy, keV	cross_section, cm^2
1.000000000000000000e+00	0.000000000000000000e+00
7.637185929648241256e+01	7.249373173504583465e-34
1.517437185929648251e+02	2.557732902703960801e-35
2.271155778894472519e+02	3.801277055942142123e-36
3.024874371859296502e+02	9.968500086935913354e-37
3.778592964824120486e+02	3.555821134147355403e-37
4.532311557788945038e+02	1.536596907392002314e-37
5.286030150753769021e+02	7.579447899037564123e-38
6.039748743718593005e+02	4.112348299554884333e-38
6.793467336683416988e+02	2.400037271150248481e-38
7.547185929648240972e+02	1.484105712906804152e-38
8.300904522613064955e+02	9.619123569285453238e-39
9.054623115577890076e+02	6.454384739119149519e-39
9.808341708542714059e+02	4.491637290145350318e-39
1.056206030150753804e+03	3.208187154023232255e-39
1.131577889447236203e+03	2.338658470470253823e-39
1.206949748743718601e+03	4.205075288949480781e-30
1.282321608040200999e+03	2.997109394122192253e-31
1.357693467336683398e+03	8.810004531194246450e-31
1.433065326633165796e+03	2.598671154278036652e-36
1.508437185929648194e+03	7.307447193712257641e-34
1.583809045226130593e+03	3.005318662446969853e-29
1.659180904522612991e+03	6.472171536175825133e-32
1.734552763819095389e+03	9.074115196359071065e-33
1.809924623115578015e+03	1.738415892850223163e-31
1.885296482412060413e+03	2.174578272735213709e-32
1.960668341708542812e+03	2.361820188627322032e-34
2.036040201005025210e+03	3.263549328231291354e-34
2.111412060301507609e+03	2.861984947074913423e-33
2.186783919597990007e+03	2.153773196203710967e-32
2.262155778894472405e+03	1.958822553718690019e-33
2.337527638190954804e+03	4.026121676092690951e-33
2.412899497487437202e+03	2.771737296872124742e-34
2.488271356783919600e+03	1.002516649878650676e-33
2.563643216080401999e+03	6.534584735950863216e-35
2.639015075376884397e+03	1.243171200616199530e-35
2.714386934673366795e+03	7.048167429998893281e-36
2.789758793969849194e+03	8.888696386776885728e-36
2.865130653266331592e+03	3.676853479661292432e-36
2.940502512562813990e+03	4.813959026956719643e-36
3.015874371859296389e+03	1.343474076245558099e-35
3.091246231155778787e+03	2.250542414801887815e-34
3.166618090452261185e+03	6.206288349459792513e-35
3.241989949748743584e+03	1.056075350274856887e-35
3.317361809045225982e+03	8.720394648250785352e-36
3.392733668341708380e+03	1.047770311654635593e-35
3.468105527638190779e+03	1.313746660260932167e-35
3.543477386934673177e+03	2.199477566914965121e-35
3.618849246231156030e+03	3.408550676596110107e-35
3.694221105527638429e+03	8.768108880243098855e-35
3.769592964824120827e+03	1.607534185542710170e-32
3.844964824120603225e+03	1.302752058500484409e-34
3.920336683417085624e+03	3.182214922384810047e-35
3.995708542713568022e+03	1.487170309504727999e-35
4.071080402010050420e+03	9.062469329901017543e-36
4.146452261306532819e+03	4.079677960764966635e-36
4.221824120603015217e+03	8.281914039680870533e-36
4.297195979899497615e+03	6.115591999640288802e-36
4.372567839195980014e+03	5.612691272475346512e-36
4.447939698492462412e+03	8.142018722771548028e-36
4.523311557788944810e+03	6.000915005232021050e-36
4.598683417085427209e+03	2.108741371466406989e-35
4.674055276381909607e+03	1.609131483032552838e-34
4.749427135678392006e+03	4.760525854545354233e-33
4.824798994974874404e+03	1.416011734047905755e-34
4.900170854271356802e+03	2.031046534244142949e-35
4.975542713567839201e+03	7.096204878110817400e-36
5.050914572864321599e+03	3.399316607212855273e-36
5.126286432160803997e+03	1.847045575607536643e-36
5.201658291457286396e+03	1.251324772015676244e-36
5.277030150753768794e+03	7.652533173576478628e-37
5.352402010050251192e+03	4.937226126407543728e-37
5.427773869346733591e+03	3.640466337126133156e-37
5.503145728643215989e+03	2.723327112663122397e-37
5.578517587939698387e+03	2.185366709976105062e-37
5.653889447236180786e+03	1.650837536294981407e-37
5.729261306532663184e+03	1.133615305984861435e-37
5.804633165829145582e+03	9.438133123440977900e-38
5.880005025125627981e+03	8.475383791039416144e-38
5.955376884422110379e+03	7.378560673920833285e-38
6.030748743718592777e+03	3.972946246298090049e-38
6.106120603015075176e+03	4.489326179261738850e-38
6.181492462311557574e+03	4.000872665745784640e-38
6.256864321608039972e+03	2.292324656172686558e-38
6.332236180904522371e+03	2.233652914947544727e-38
6.407608040201004769e+03	1.775731251278028838e-38
6.482979899497487168e+03	1.495623791605773171e-38
6.558351758793969566e+03	1.816148891834716928e-38
6.633723618090451964e+03	1.245230681905632578e-38
6.709095477386934363e+03	8.303540963171495034e-39
6.784467336683416761e+03	1.125412512438525364e-38
6.859839195979899159e+03	8.351481142736867951e-39
6.935211055276381558e+03	8.566336760643201899e-39
7.010582914572863956e+03	5.819262714491301718e-39
7.085954773869346354e+03	5.354808388614540488e-39
7.161326633165828753e+03	4.612799891006651783e-39
7.236698492462312061e+03	3.542243759392069484e-39
7.312070351758794459e+03	4.332338646040987001e-39
7.387442211055276857e+03	2.880395692445671302e-39
7.462814070351759256e+03	2.863474823342937138e-39
7.538185929648241654e+03	1.936118646359639935e-39
7.613557788944724052e+03	1.251290105323692387e-39
7.688929648241206451e+03	1.467095399168311733e-39
7.764301507537688849e+03	1.043395699401843962e-39
7.839673366834171247e+03	2.233573854226694053e-39
7.915045226130653646e+03	1.070629644261095187e-39
7.990417085427136044e+03	8.913731573324403701e-40
8.065788944723618442e+03	1.035619316970902585e-39
8.141160804020100841e+03	1.228363494285574062e-39
8.216532663316582330e+03	1.115232964572512688e-39
8.291904522613065637e+03	1.100237284155062398e-39
8.367276381909547126e+03	5.672437058089170655e-40
8.442648241206030434e+03	3.874480324597526662e-40
8.518020100502511923e+03	6.396675997090824828e-40
8.593391959798995231e+03	7.011245183212547661e-40
8.668763819095476720e+03	4.264713729738257931e-40
8.744135678391960028e+03	5.306136696794284213e-40
8.819507537688441516e+03	3.517962776161219026e-40
8.894879396984924824e+03	3.757628717320507608e-40
8.970251256281406313e+03	3.381413803769386231e-40
9.045623115577889621e+03	4.848793425586380530e-40
9.120994974874371110e+03	2.137019061993477077e-40
9.196366834170854418e+03	2.108609982086523306e-40
9.271738693467335906e+03	1.545313917787744358e-40
9.347110552763819214e+03	2.454901400413935775e-40
9.422482412060300703e+03	2.598533015598219433e-40
9.497854271356784011e+03	3.218361785942054528e-40
9.573226130653265500e+03	1.553254797685256176e-40
9.648597989949748808e+03	1.543628441819006423e-40
9.723969849246232116e+03	1.611444047983849550e-40
9.799341708542713604e+03	6.532109901495756394e-41
9.874713567839196912e+03	4.571658776949466710e-41
9.950085427135678401e+03	1.616287973240977916e-40
1.002545728643216171e+04	7.893204115566504356e-41
1.010082914572864320e+04	1.445280499635994393e-40
1.017620100502512651e+04	1.431273152689475135e-40
1.025157286432160799e+04	8.074456541583690706e-41
1.032694472361809130e+04	5.539091080907883872e-41
1.040231658291457279e+04	8.801241731649518394e-41
1.047768844221105610e+04	1.119824759441133695e-40
1.055306030150753759e+04	1.013119370501967113e-40
1.062843216080402090e+04	5.718975261905683655e-41
1.070380402010050238e+04	7.730204006322781641e-41
1.077917587939698569e+04	1.106420189868802137e-40
1.085454773869346718e+04	7.603751557678127888e-41
1.092991959798995049e+04	6.033827060190521501e-41
1.100529145728643198e+04	5.569126570709387090e-41
1.108066331658291529e+04	6.538449609155973845e-41
1.115603517587939677e+04	5.757696599741028840e-41
1.123140703517588008e+04	5.112323700509983779e-41
1.130677889447236157e+04	6.038997324290435497e-41
1.138215075376884488e+04	6.450964133755368975e-41
1.145752261306532637e+04	4.164508442086068164e-41
1.153289447236180968e+04	4.234510328823854806e-41
1.160826633165829116e+04	2.451108826288112816e-41
1.168363819095477447e+04	7.709395747329204784e-41
1.175901005025125596e+04	6.346804901696914465e-41
1.183438190954773927e+04	3.993982252021617600e-41
1.190975376884422076e+04	5.248061146050332560e-41
1.198512562814070407e+04	2.924415315255964965e-41
1.206049748743718555e+04	4.309849731108274799e-41
1.213586934673366886e+04	2.848687417881804360e-41
1.221124120603015035e+04	3.512564937943454553e-41
1.228661306532663366e+04	3.049688551491541008e-41
1.236198492462311515e+04	3.130151451423729561e-41
1.243735678391959846e+04	2.480079869474217853e-41
1.251272864321607994e+04	1.450849816820586338e-41
1.258810050251256325e+04	1.961694596071165578e-41
1.266347236180904474e+04	1.972806022573815917e-41
1.273884422110552805e+04	1.897168497529052942e-41
1.281421608040200954e+04	2.006179267975299921e-41
1.288958793969849285e+04	9.885231356293378793e-42
1.296495979899497434e+04	2.614560500203978636e-41
1.304033165829145764e+04	2.321655736349779264e-41
1.311570351758793913e+04	1.225976797811697592e-41
1.319107537688442244e+04	2.651100179806904620e-41
1.326644723618090393e+04	1.686289611484616960e-41
1.334181909547738724e+04	2.347871894669178865e-41
1.341719095477386873e+04	1.859277790649022999e-41
1.349256281407035203e+04	1.756318380691554471e-41
1.356793467336683352e+04	1.529719933371970739e-41
1.364330653266331683e+04	2.015789069162506340e-41
1.371867839195979832e+04	1.700756740730827694e-41
1.379405025125628163e+04	1.922183881068419049e-41
1.386942211055276312e+04	1.919132579472855644e-41
1.394479396984924642e+04	1.559578823687889530e-41
1.402016582914572791e+04	1.136905798201628350e-41
1.409553768844221122e+04	1.382728611367916382e-41
1.417090954773869271e+04	1.295844285797859471e-41
1.424628140703517602e+04	5.593142431590008858e-42
1.432165326633165751e+04	1.460827840191035358e-41
1.439702512562814081e+04	1.308867185943010917e-41
1.447239698492462412e+04	1.512468757498647841e-41
1.454776884422110561e+04	1.157834439938300426e-41
1.462314070351758892e+04	1.512757407600629020e-41
1.469851256281407041e+04	1.194014893853644099e-41
1.477388442211055371e+04	9.787445186513759637e-42
1.484925628140703520e+04	7.720966421609173235e-42
1.492462814070351851e+04	1.056642828223802453e-41
1.500000000000000000e+04	1.093522864104811987e-41
