# Chain:	[5183.9, 3411.54, 2550.85, 2265.8, 1721.43, 1011.8, 9.4057]
# Electron_projectile_energy, keV	cross_section, cm^2
1.000000000000000000e+00	0.000000000000000000e+00
7.637185929648241256e+01	1.436961156362243795e-30
1.517437185929648251e+02	5.069904309752137670e-32
2.271155778894472519e+02	7.534841072775451911e-33
3.024874371859296502e+02	1.975942894549005373e-33
3.778592964824120486e+02	7.048301593048702438e-34
4.532311557788945038e+02	3.045822053937975571e-34
5.286030150753769021e+02	1.502388131624234204e-34
6.039748743718593005e+02	8.151442375032201978e-35
6.793467336683416988e+02	4.757322115888954084e-35
7.547185929648240972e+02	2.941774702917388464e-35
8.300904522613064955e+02	1.906689943598196855e-35
9.054623115577890076e+02	1.279379601015597550e-35
9.808341708542714059e+02	8.903263992529182393e-36
1.056206030150753804e+03	7.911258016613479351e-18
1.131577889447236203e+03	8.159638500572582226e-20
1.206949748743718601e+03	2.898987497133613879e-22
1.282321608040200999e+03	2.795935495413929384e-19
1.357693467336683398e+03	2.456830487987054375e-18
1.433065326633165796e+03	9.213036117274425306e-22
1.508437185929648194e+03	9.823733467103729952e-23
1.583809045226130593e+03	3.736509964107529700e-18
1.659180904522612991e+03	4.691166359536769959e-20
1.734552763819095389e+03	9.347715752977466635e-17
1.809924623115578015e+03	4.354195984500386300e-17
1.885296482412060413e+03	4.975371945772045815e-20
1.960668341708542812e+03	6.480189384209700829e-20
2.036040201005025210e+03	2.440721139872345854e-20
2.111412060301507609e+03	1.922840225585202022e-19
2.186783919597990007e+03	8.828876005417961637e-19
2.262155778894472405e+03	6.684323871999512689e-19
2.337527638190954804e+03	4.911738811387938187e-21
2.412899497487437202e+03	1.439869097561785772e-21
2.488271356783919600e+03	1.372744954825221941e-19
2.563643216080401999e+03	5.620619755363504316e-22
2.639015075376884397e+03	5.004444616806545844e-22
2.714386934673366795e+03	3.088411181519893370e-22
2.789758793969849194e+03	1.398640186694842293e-23
2.865130653266331592e+03	1.238990514519578071e-23
2.940502512562813990e+03	9.243317354157188441e-24
3.015874371859296389e+03	4.953025928164713249e-24
3.091246231155778787e+03	1.820421248387207207e-23
3.166618090452261185e+03	1.455700123490063147e-23
3.241989949748743584e+03	1.723729660571537977e-23
3.317361809045225982e+03	2.445159536297922161e-23
3.392733668341708380e+03	2.085299040421599472e-23
3.468105527638190779e+03	6.396781799378477340e-23
3.543477386934673177e+03	1.620699193318362713e-22
3.618849246231156030e+03	8.621981479557252239e-22
3.694221105527638429e+03	6.095765410996662143e-20
3.769592964824120827e+03	4.196787069638407829e-21
3.844964824120603225e+03	1.374227517113224439e-21
3.920336683417085624e+03	1.279455583368502372e-21
3.995708542713568022e+03	7.373195377877030918e-22
4.071080402010050420e+03	2.345159049931338858e-21
4.146452261306532819e+03	6.668447746398064266e-19
4.221824120603015217e+03	4.953144163816960931e-21
4.297195979899497615e+03	1.184392761303553926e-21
4.372567839195980014e+03	6.118962649364612269e-22
4.447939698492462412e+03	3.211614856613167985e-22
4.523311557788944810e+03	4.524075273528227757e-22
4.598683417085427209e+03	8.377128623341460713e-22
4.674055276381909607e+03	4.895322846088048571e-21
4.749427135678392006e+03	2.159055467645988447e-21
4.824798994974874404e+03	1.360737861273587374e-22
4.900170854271356802e+03	3.621697202562006822e-23
4.975542713567839201e+03	5.376648779827365295e-23
5.050914572864321599e+03	7.982385498508402179e-22
5.126286432160803997e+03	1.352849574565040175e-23
5.201658291457286396e+03	3.439464114512088626e-24
5.277030150753768794e+03	2.220853685665720904e-24
5.352402010050251192e+03	1.031429710436952843e-24
5.427773869346733591e+03	1.384284937585279747e-24
5.503145728643215989e+03	7.253420602944104037e-25
5.578517587939698387e+03	9.931128476575116371e-25
5.653889447236180786e+03	3.440289877086803630e-24
5.729261306532663184e+03	6.775927275383660482e-23
5.804633165829145582e+03	2.120235796486339387e-24
5.880005025125627981e+03	4.021249171376966639e-25
5.955376884422110379e+03	1.750657626824440409e-25
6.030748743718592777e+03	9.678562289556345743e-26
6.106120603015075176e+03	1.187449159106455750e-25
6.181492462311557574e+03	5.462842049476079575e-26
6.256864321608039972e+03	4.590304805364699851e-26
6.332236180904522371e+03	2.497437852811213313e-26
6.407608040201004769e+03	4.080334348644053602e-26
6.482979899497487168e+03	1.212954921667257070e-26
6.558351758793969566e+03	5.345566717841552848e-26
6.633723618090451964e+03	3.115735588471446244e-26
6.709095477386934363e+03	4.984950332743771426e-26
6.784467336683416761e+03	2.064439981778476117e-26
6.859839195979899159e+03	1.247422660403163478e-26
6.935211055276381558e+03	7.144275125747696742e-27
7.010582914572863956e+03	9.610584737878448421e-27
7.085954773869346354e+03	1.639417203755275842e-27
7.161326633165828753e+03	1.526484982133612975e-26
7.236698492462312061e+03	1.299184992436836504e-26
7.312070351758794459e+03	1.849274788956633861e-26
7.387442211055276857e+03	1.638342498559840778e-26
7.462814070351759256e+03	1.437452598626722249e-26
7.538185929648241654e+03	1.636785753792659768e-27
7.613557788944724052e+03	7.290656432155833871e-27
7.688929648241206451e+03	4.333440951543139009e-27
7.764301507537688849e+03	2.612684202117757469e-27
7.839673366834171247e+03	6.431142402470947555e-28
7.915045226130653646e+03	6.967677205641897906e-27
7.990417085427136044e+03	2.025033073234542886e-27
8.065788944723618442e+03	2.960032042430450915e-27
8.141160804020100841e+03	1.103645224625945807e-27
8.216532663316582330e+03	5.617250096474046136e-27
8.291904522613065637e+03	4.589601605740378326e-28
8.367276381909547126e+03	1.813958996393681022e-28
8.442648241206030434e+03	7.833222890563716070e-28
8.518020100502511923e+03	5.783291201364032187e-28
8.593391959798995231e+03	4.079937079945125651e-27
8.668763819095476720e+03	2.943655737441999903e-27
8.744135678391960028e+03	2.650573568184119312e-28
8.819507537688441516e+03	6.930896178033819626e-29
8.894879396984924824e+03	2.641800237661370353e-27
8.970251256281406313e+03	3.833230586545125331e-27
9.045623115577889621e+03	1.261162706653426240e-27
9.120994974874371110e+03	1.390288369568278533e-27
9.196366834170854418e+03	3.012119518801690480e-28
9.271738693467335906e+03	7.257389033621597519e-28
9.347110552763819214e+03	5.561514953868398145e-28
9.422482412060300703e+03	1.242298493687399319e-27
9.497854271356784011e+03	1.109890733140437960e-28
9.573226130653265500e+03	2.718664139915329026e-28
9.648597989949748808e+03	6.194858887483009415e-28
9.723969849246232116e+03	7.717656665784191199e-28
9.799341708542713604e+03	4.043707312549686902e-29
9.874713567839196912e+03	9.619997540136825641e-28
9.950085427135678401e+03	9.505394791915879436e-28
1.002545728643216171e+04	4.105622391315758656e-28
1.010082914572864320e+04	7.624696445543823240e-29
1.017620100502512651e+04	2.766159591608796593e-28
1.025157286432160799e+04	1.108346241388028294e-28
1.032694472361809130e+04	1.765245876467335784e-28
1.040231658291457279e+04	1.408403533940357543e-28
1.047768844221105610e+04	7.415356938767958924e-28
1.055306030150753759e+04	4.002723445044546278e-28
1.062843216080402090e+04	1.372910521930712475e-27
1.070380402010050238e+04	1.053820711183296456e-28
1.077917587939698569e+04	7.049195152721437498e-28
1.085454773869346718e+04	1.590842493060369666e-28
1.092991959798995049e+04	1.225883481195071850e-27
1.100529145728643198e+04	1.123939367211319714e-28
1.108066331658291529e+04	8.196431850699299828e-28
1.115603517587939677e+04	4.576046577171544449e-29
1.123140703517588008e+04	3.019341691042840726e-29
1.130677889447236157e+04	2.434851998556998229e-28
1.138215075376884488e+04	4.456010972924907994e-29
1.145752261306532637e+04	6.394444110672088581e-29
1.153289447236180968e+04	3.849199107617536659e-28
1.160826633165829116e+04	1.306599454137810695e-28
1.168363819095477447e+04	8.793485475851667686e-29
1.175901005025125596e+04	6.611835771815470699e-29
1.183438190954773927e+04	1.815853499186491002e-28
1.190975376884422076e+04	3.738061321561012602e-29
1.198512562814070407e+04	2.900799739480042040e-28
1.206049748743718555e+04	1.582377837184348188e-28
1.213586934673366886e+04	4.421418547990740130e-29
1.221124120603015035e+04	3.609784080381774448e-29
1.228661306532663366e+04	5.698354350756357461e-29
1.236198492462311515e+04	2.715834137167620696e-29
1.243735678391959846e+04	1.172873721264463777e-28
1.251272864321607994e+04	5.973858370887464749e-29
1.258810050251256325e+04	2.337480349450783803e-29
1.266347236180904474e+04	1.194629747097305354e-28
1.273884422110552805e+04	1.343598225625887925e-28
1.281421608040200954e+04	5.071508586498728632e-29
1.288958793969849285e+04	6.974997233785541818e-29
1.296495979899497434e+04	1.074848183045107481e-28
1.304033165829145764e+04	1.228421405120820760e-28
1.311570351758793913e+04	6.759995608790832295e-29
1.319107537688442244e+04	7.297959003822868981e-29
1.326644723618090393e+04	6.851262538931659182e-29
1.334181909547738724e+04	1.454156423345222508e-28
1.341719095477386873e+04	1.458621132286950399e-28
1.349256281407035203e+04	4.747777367708235225e-29
1.356793467336683352e+04	9.177749928283135281e-29
1.364330653266331683e+04	9.771850321088241290e-29
1.371867839195979832e+04	3.309627264705519895e-29
1.379405025125628163e+04	4.759352871685408767e-29
1.386942211055276312e+04	1.116913444555637171e-28
1.394479396984924642e+04	1.081945647469896696e-28
1.402016582914572791e+04	7.437386054600576664e-29
1.409553768844221122e+04	1.053373704277680923e-29
1.417090954773869271e+04	8.071898773357381405e-29
1.424628140703517602e+04	5.594615882633826699e-29
1.432165326633165751e+04	1.233140225381898122e-28
1.439702512562814081e+04	7.058675764293190741e-29
1.447239698492462412e+04	1.246278146431536614e-28
1.454776884422110561e+04	6.298710770861970112e-29
1.462314070351758892e+04	8.063384694910539396e-29
1.469851256281407041e+04	9.327797288884281296e-29
1.477388442211055371e+04	7.308414187774631615e-29
1.484925628140703520e+04	3.809375519891833961e-29
1.492462814070351851e+04	5.155801009797429984e-29
1.500000000000000000e+04	1.364164452278907105e-28
