# Chain:	[5641.2, 4870.0, 4218.4, 3603.06, 2841.2, 2640.63, 2510.15, 1738.19, 9.4057]
# Electron_projectile_energy, keV	cross_section, cm^2
1.000000000000000000e+00	0.000000000000000000e+00
7.637185929648241256e+01	3.520775150441528262e-30
1.517437185929648251e+02	1.242204288533456371e-31
2.271155778894472519e+02	1.846151588308239064e-32
3.024874371859296502e+02	4.841363046605478992e-33
3.778592964824120486e+02	1.726941956068266359e-33
4.532311557788945038e+02	7.462731022819850271e-34
5.286030150753769021e+02	3.681081271209694061e-34
6.039748743718593005e+02	1.997228361198277215e-34
6.793467336683416988e+02	1.165616858473060065e-34
7.547185929648240972e+02	7.207799060100739179e-35
8.300904522613064955e+02	4.671682698794541275e-35
9.054623115577890076e+02	3.134676179167362912e-35
9.808341708542714059e+02	2.181436184543283628e-35
1.056206030150753804e+03	9.683366529503523245e-18
1.131577889447236203e+03	4.653224088706857750e-15
1.206949748743718601e+03	3.758884197223187519e-18
1.282321608040200999e+03	5.239116151032618777e-18
1.357693467336683398e+03	3.015870379630520578e-18
1.433065326633165796e+03	1.253518880278703562e-17
1.508437185929648194e+03	1.114998685903473090e-16
1.583809045226130593e+03	3.738934921926101149e-18
1.659180904522612991e+03	4.721903036891997566e-20
1.734552763819095389e+03	6.884016020965038114e-15
1.809924623115578015e+03	3.158116849750909187e-15
1.885296482412060413e+03	4.812120195754507660e-14
1.960668341708542812e+03	2.989356273908792923e-17
2.036040201005025210e+03	4.398022519151825655e-20
2.111412060301507609e+03	1.263473184846506100e-17
2.186783919597990007e+03	1.155912240191720024e-18
2.262155778894472405e+03	6.768696208532406923e-19
2.337527638190954804e+03	1.388114264240541428e-20
2.412899497487437202e+03	7.807048255977292972e-21
2.488271356783919600e+03	2.104526308869974511e-19
2.563643216080401999e+03	3.191432258180500560e-18
2.639015075376884397e+03	1.310412148940174333e-16
2.714386934673366795e+03	3.108645238932334681e-19
2.789758793969849194e+03	8.966568678289313278e-21
2.865130653266331592e+03	2.578325323528059103e-20
2.940502512562813990e+03	4.563400083733677750e-22
3.015874371859296389e+03	1.383860256853214960e-22
3.091246231155778787e+03	6.622886781804497102e-23
3.166618090452261185e+03	6.710852611035991527e-23
3.241989949748743584e+03	2.804727840299360832e-23
3.317361809045225982e+03	3.153206706814823488e-23
3.392733668341708380e+03	2.706286654330904490e-23
3.468105527638190779e+03	6.713864460173725194e-23
3.543477386934673177e+03	1.756410084676876131e-22
3.618849246231156030e+03	8.643465690531295260e-22
3.694221105527638429e+03	6.096290564868045508e-20
3.769592964824120827e+03	4.208660278270266753e-21
3.844964824120603225e+03	1.385700499697462122e-21
3.920336683417085624e+03	1.286126913392239246e-21
3.995708542713568022e+03	7.460091562239215004e-22
4.071080402010050420e+03	2.355078735706566892e-21
4.146452261306532819e+03	6.668580353975644931e-19
4.221824120603015217e+03	4.970021632721733439e-21
4.297195979899497615e+03	1.226297713523189985e-21
4.372567839195980014e+03	7.163588426576606210e-22
4.447939698492462412e+03	7.548288239445139355e-22
4.523311557788944810e+03	1.670061315009749223e-20
4.598683417085427209e+03	2.674845936980026791e-20
4.674055276381909607e+03	6.220825978097163796e-21
4.749427135678392006e+03	2.915086631675856129e-21
4.824798994974874404e+03	8.186752831490846125e-22
4.900170854271356802e+03	1.289702303521279426e-21
4.975542713567839201e+03	4.990071105436300251e-21
5.050914572864321599e+03	7.521275152996980137e-20
5.126286432160803997e+03	3.314189020896945728e-19
5.201658291457286396e+03	4.319906171744330495e-21
5.277030150753768794e+03	1.033878957802313474e-21
5.352402010050251192e+03	4.612329787760956418e-22
5.427773869346733591e+03	3.105149492715807193e-22
5.503145728643215989e+03	2.182259074125264785e-22
5.578517587939698387e+03	2.745158561572566862e-22
5.653889447236180786e+03	5.751941949990097044e-22
5.729261306532663184e+03	4.995471790094697712e-21
5.804633165829145582e+03	5.029309855574688573e-21
5.880005025125627981e+03	1.527799521906184841e-21
5.955376884422110379e+03	1.098709216667122216e-22
6.030748743718592777e+03	2.765050083277769454e-23
6.106120603015075176e+03	1.068316845224185893e-23
6.181492462311557574e+03	4.693420840702776742e-24
6.256864321608039972e+03	2.046951851889195991e-24
6.332236180904522371e+03	1.673660535021543736e-24
6.407608040201004769e+03	9.447243949927592039e-25
6.482979899497487168e+03	7.767790147130429842e-25
6.558351758793969566e+03	4.871525689747247266e-25
6.633723618090451964e+03	3.027520473116864484e-25
6.709095477386934363e+03	2.226096733802177250e-25
6.784467336683416761e+03	1.943625250766956428e-25
6.859839195979899159e+03	2.185186169320711033e-25
6.935211055276381558e+03	1.166732273239399119e-25
7.010582914572863956e+03	7.806759336141891990e-26
7.085954773869346354e+03	1.383465642373498891e-25
7.161326633165828753e+03	1.304786670508742941e-25
7.236698492462312061e+03	5.974541961903906068e-26
7.312070351758794459e+03	9.134563663460390322e-26
7.387442211055276857e+03	5.191305972251513858e-26
7.462814070351759256e+03	1.208819391821149742e-25
7.538185929648241654e+03	7.738611631906512579e-26
7.613557788944724052e+03	5.397280900965490878e-26
7.688929648241206451e+03	2.866874520721240861e-26
7.764301507537688849e+03	3.003256581513670051e-26
7.839673366834171247e+03	4.110627963574983997e-26
7.915045226130653646e+03	1.855344386708887634e-26
7.990417085427136044e+03	1.250381376879207707e-26
8.065788944723618442e+03	2.566980641016966606e-26
8.141160804020100841e+03	1.102766846650482661e-26
8.216532663316582330e+03	9.483198399806945656e-27
8.291904522613065637e+03	2.517239174534862745e-26
8.367276381909547126e+03	1.870053127255499748e-26
8.442648241206030434e+03	1.833490028429859851e-26
8.518020100502511923e+03	7.108404505743386417e-27
8.593391959798995231e+03	6.563054361989188424e-27
8.668763819095476720e+03	1.444737767953211261e-26
8.744135678391960028e+03	8.891169924622275642e-27
8.819507537688441516e+03	3.516674249155786227e-27
8.894879396984924824e+03	1.045984371523626162e-26
8.970251256281406313e+03	1.219183563541464871e-26
9.045623115577889621e+03	1.086048055520651547e-26
9.120994974874371110e+03	9.136543987055215819e-27
9.196366834170854418e+03	5.652104176597252682e-27
9.271738693467335906e+03	3.590250003345770449e-27
9.347110552763819214e+03	7.311237137969052023e-27
9.422482412060300703e+03	7.303400248998649934e-27
9.497854271356784011e+03	3.014929323952871825e-27
9.573226130653265500e+03	6.978167846180828897e-28
9.648597989949748808e+03	2.399706911058515560e-27
9.723969849246232116e+03	8.954093297833829583e-27
9.799341708542713604e+03	2.353540983026823994e-27
9.874713567839196912e+03	3.963943802509041863e-27
9.950085427135678401e+03	2.984068445656647255e-27
1.002545728643216171e+04	1.959628802678679330e-27
1.010082914572864320e+04	2.194774763828738389e-27
1.017620100502512651e+04	3.886454287097130099e-27
1.025157286432160799e+04	1.082556949075454220e-27
1.032694472361809130e+04	6.099327571470300050e-28
1.040231658291457279e+04	2.281680638143322346e-27
1.047768844221105610e+04	3.442171418842073449e-27
1.055306030150753759e+04	1.596424562250521983e-27
1.062843216080402090e+04	1.851216494050019399e-27
1.070380402010050238e+04	2.576403446417546782e-27
1.077917587939698569e+04	1.728622395592731930e-27
1.085454773869346718e+04	8.319525202899895821e-28
1.092991959798995049e+04	1.546679010162725788e-27
1.100529145728643198e+04	1.261458370636515310e-27
1.108066331658291529e+04	1.018852609170744054e-27
1.115603517587939677e+04	3.049037114763753840e-27
1.123140703517588008e+04	2.914929145065748271e-27
1.130677889447236157e+04	1.717349873206216004e-27
1.138215075376884488e+04	3.696634137132973864e-28
1.145752261306532637e+04	1.062958607860559870e-27
1.153289447236180968e+04	1.568517087180615234e-27
1.160826633165829116e+04	6.406841545900503123e-28
1.168363819095477447e+04	5.275580154140294621e-28
1.175901005025125596e+04	6.007067517435594305e-28
1.183438190954773927e+04	6.005414379234966413e-28
1.190975376884422076e+04	2.477936228412253782e-28
1.198512562814070407e+04	1.016763780909780771e-27
1.206049748743718555e+04	8.124539684557686018e-28
1.213586934673366886e+04	4.249953688529948479e-28
1.221124120603015035e+04	2.076634909428414943e-28
1.228661306532663366e+04	1.648068728479772463e-28
1.236198492462311515e+04	1.567058068000436320e-28
1.243735678391959846e+04	4.227286888233083688e-28
1.251272864321607994e+04	4.975363306103253613e-28
1.258810050251256325e+04	2.012041395504903893e-28
1.266347236180904474e+04	2.319211219945248973e-28
1.273884422110552805e+04	3.674891038305689437e-28
1.281421608040200954e+04	5.626772892730411084e-28
1.288958793969849285e+04	2.539792655384135439e-28
1.296495979899497434e+04	1.902753387432428348e-28
1.304033165829145764e+04	3.621463791016348866e-28
1.311570351758793913e+04	3.200972863206133374e-28
1.319107537688442244e+04	4.821698051373193194e-28
1.326644723618090393e+04	1.622909089824540709e-28
1.334181909547738724e+04	2.693177274250642636e-28
1.341719095477386873e+04	4.461946008037460569e-28
1.349256281407035203e+04	1.493818674389791135e-28
1.356793467336683352e+04	3.082697271990035743e-28
1.364330653266331683e+04	4.697773970689392943e-28
1.371867839195979832e+04	1.263254482092529890e-28
1.379405025125628163e+04	1.439817482123500944e-28
1.386942211055276312e+04	2.465571840729527469e-28
1.394479396984924642e+04	1.697777338270453390e-28
1.402016582914572791e+04	2.457662865160293520e-28
1.409553768844221122e+04	1.017740730426105432e-28
1.417090954773869271e+04	1.209757844390418854e-28
1.424628140703517602e+04	1.284998056288411223e-28
1.432165326633165751e+04	2.596492904570600923e-28
1.439702512562814081e+04	2.080415788687467933e-28
1.447239698492462412e+04	1.711550393091065519e-28
1.454776884422110561e+04	9.468455553482475307e-29
1.462314070351758892e+04	1.360839526911545813e-28
1.469851256281407041e+04	2.306959408956927716e-28
1.477388442211055371e+04	1.656734850050590365e-28
1.484925628140703520e+04	1.302854727130996483e-28
1.492462814070351851e+04	1.820968838774001349e-28
1.500000000000000000e+04	2.726443202366042573e-28
