# Chain:	[1533.66, 690.146, 9.4057]
# Electron_projectile_energy, keV	cross_section, cm^2
1.000000000000000000e+00	0.000000000000000000e+00
7.637185929648241256e+01	1.436961156362243795e-30
1.517437185929648251e+02	5.069904309752137670e-32
2.271155778894472519e+02	7.534841072775451911e-33
3.024874371859296502e+02	1.975942894549005373e-33
3.778592964824120486e+02	7.048301593048702438e-34
4.532311557788945038e+02	3.045822053937975571e-34
5.286030150753769021e+02	1.502388131624234204e-34
6.039748743718593005e+02	8.151442375032201978e-35
6.793467336683416988e+02	4.757322115888954084e-35
7.547185929648240972e+02	2.941774702917388464e-35
8.300904522613064955e+02	1.906689943598196855e-35
9.054623115577890076e+02	1.279379601015597550e-35
9.808341708542714059e+02	8.903263992529182393e-36
1.056206030150753804e+03	6.359226118363935506e-36
1.131577889447236203e+03	4.635657869490924407e-36
1.206949748743718601e+03	6.096395967018550714e-27
1.282321608040200999e+03	4.345122118960045420e-28
1.357693467336683398e+03	1.277248858047135390e-27
1.433065326633165796e+03	3.767903940517259640e-33
1.508437185929648194e+03	1.059412797378407194e-30
1.583809045226130593e+03	2.601158970763686498e-26
1.659180904522612991e+03	5.503431887357774953e-29
1.734552763819095389e+03	7.679112886607027969e-30
1.809924623115578015e+03	1.468656881162475254e-28
1.885296482412060413e+03	1.837129532130755797e-29
1.960668341708542812e+03	1.998282280947836175e-31
2.036040201005025210e+03	2.763934236292898970e-31
2.111412060301507609e+03	2.418842096883047558e-30
2.186783919597990007e+03	1.819693931682363854e-29
2.262155778894472405e+03	1.657340559507397722e-30
2.337527638190954804e+03	3.405181469070015841e-30
2.412899497487437202e+03	2.480187326702119305e-31
2.488271356783919600e+03	1.416187834374143416e-30
2.563643216080401999e+03	8.217109742990929545e-32
2.639015075376884397e+03	1.466629872854711756e-32
2.714386934673366795e+03	8.183800012137759031e-33
2.789758793969849194e+03	1.230115369721590284e-32
2.865130653266331592e+03	4.363066127302433317e-33
2.940502512562813990e+03	5.301123925953915044e-33
3.015874371859296389e+03	1.800788870506044125e-32
3.091246231155778787e+03	3.236759250454485723e-31
3.166618090452261185e+03	8.744478500256944800e-32
3.241989949748743584e+03	1.168003198915044207e-32
3.317361809045225982e+03	8.170722390762024249e-33
3.392733668341708380e+03	9.220544035803335245e-33
3.468105527638190779e+03	1.129670896004242111e-32
3.543477386934673177e+03	1.868926249156531906e-32
3.618849246231156030e+03	2.886181080782922351e-32
3.694221105527638429e+03	7.412180656073728223e-32
3.769592964824120827e+03	1.358064418751270123e-29
3.844964824120603225e+03	1.100783195188735398e-31
3.920336683417085624e+03	2.689880769933266796e-32
3.995708542713568022e+03	1.257466433360011822e-32
4.071080402010050420e+03	7.665186391978557499e-33
4.146452261306532819e+03	3.453222249893349713e-33
4.221824120603015217e+03	7.001170834794360302e-33
4.297195979899497615e+03	5.170672121133528711e-33
4.372567839195980014e+03	4.744719943150662598e-33
4.447939698492462412e+03	6.880853799384294086e-33
4.523311557788944810e+03	5.071945718810944008e-33
4.598683417085427209e+03	1.781629425824656003e-32
4.674055276381909607e+03	1.359420012435886249e-31
4.749427135678392006e+03	4.021740466668178419e-30
4.824798994974874404e+03	1.196270765418012510e-31
4.900170854271356802e+03	1.715927160453175391e-32
4.975542713567839201e+03	5.995664713525794053e-33
5.050914572864321599e+03	2.872174995323071207e-33
5.126286432160803997e+03	1.560732569405889785e-33
5.201658291457286396e+03	1.057485748201779216e-33
5.277030150753768794e+03	6.467058589072156093e-34
5.352402010050251192e+03	4.173144134465987894e-34
5.427773869346733591e+03	3.076655058575923263e-34
5.503145728643215989e+03	2.302126733846242295e-34
5.578517587939698387e+03	1.848035348682200123e-34
5.653889447236180786e+03	1.396064898374333758e-34
5.729261306532663184e+03	9.583272624919328689e-35
5.804633165829145582e+03	7.982208901909167024e-35
5.880005025125627981e+03	7.169481490898005168e-35
5.955376884422110379e+03	6.238853684005445188e-35
6.030748743718592777e+03	3.364801511866877521e-35
6.106120603015075176e+03	3.796481014669047102e-35
6.181492462311557574e+03	3.385826443944615018e-35
6.256864321608039972e+03	1.940948364595481926e-35
6.332236180904522371e+03	1.891578461671149155e-35
6.407608040201004769e+03	1.502634559297596297e-35
6.482979899497487168e+03	1.266465612536524355e-35
6.558351758793969566e+03	1.538201945473105156e-35
6.633723618090451964e+03	1.054994093454277920e-35
6.709095477386934363e+03	7.038096161772479566e-36
6.784467336683416761e+03	9.540760591936505577e-36
6.859839195979899159e+03	7.079717531676770367e-36
6.935211055276381558e+03	7.250799543364551394e-36
7.010582914572863956e+03	4.940174629976402420e-36
7.085954773869346354e+03	4.545304334076942744e-36
7.161326633165828753e+03	3.916681782442328921e-36
7.236698492462312061e+03	3.009419985919897129e-36
7.312070351758794459e+03	3.676922337713425929e-36
7.387442211055276857e+03	2.451742349691964185e-36
7.462814070351759256e+03	2.428214177179282998e-36
7.538185929648241654e+03	1.650575605748938830e-36
7.613557788944724052e+03	1.067989501573699012e-36
7.688929648241206451e+03	1.251056247480707551e-36
7.764301507537688849e+03	8.955854320622622789e-37
7.839673366834171247e+03	1.893973316378074903e-36
7.915045226130653646e+03	9.124632000553674443e-37
7.990417085427136044e+03	7.621918837115140106e-37
8.065788944723618442e+03	8.829154841312509708e-37
8.141160804020100841e+03	1.043960134844869548e-36
8.216532663316582330e+03	9.474465694650009902e-37
8.291904522613065637e+03	9.349367493341833788e-37
8.367276381909547126e+03	4.845393130830589637e-37
8.442648241206030434e+03	3.340447673005360067e-37
8.518020100502511923e+03	5.479163297018742507e-37
8.593391959798995231e+03	5.984721289088992530e-37
8.668763819095476720e+03	3.663713063040422029e-37
8.744135678391960028e+03	4.518140390878124823e-37
8.819507537688441516e+03	3.018766474876980055e-37
8.894879396984924824e+03	3.226118344109916868e-37
8.970251256281406313e+03	2.912702255554082232e-37
9.045623115577889621e+03	4.132891118254004725e-37
9.120994974874371110e+03	1.856096634922948359e-37
9.196366834170854418e+03	1.827594962397213922e-37
9.271738693467335906e+03	1.344807963350980015e-37
9.347110552763819214e+03	2.117289306517438595e-37
9.422482412060300703e+03	2.232468708239775536e-37
9.497854271356784011e+03	2.762520614941303189e-37
9.573226130653265500e+03	1.359487105045098025e-37
9.648597989949748808e+03	1.334356885394570297e-37
9.723969849246232116e+03	1.395081370643935619e-37
9.799341708542713604e+03	5.820983544080567050e-38
9.874713567839196912e+03	4.146483744216206936e-38
9.950085427135678401e+03	1.400206192413207192e-37
1.002545728643216171e+04	6.908730878378139559e-38
1.010082914572864320e+04	1.245757359743372997e-37
1.017620100502512651e+04	1.231837764817953626e-37
1.025157286432160799e+04	7.077592877599068499e-38
1.032694472361809130e+04	4.951185745353333575e-38
1.040231658291457279e+04	7.699307536236925158e-38
1.047768844221105610e+04	9.683461868642574358e-38
1.055306030150753759e+04	8.774317951312210048e-38
1.062843216080402090e+04	5.034599022543549327e-38
1.070380402010050238e+04	6.765502301884564399e-38
1.077917587939698569e+04	9.548527005579377055e-38
1.085454773869346718e+04	6.606152374230296724e-38
1.092991959798995049e+04	5.289187352350178586e-38
1.100529145728643198e+04	4.850563417317691365e-38
1.108066331658291529e+04	5.723021160224207205e-38
1.115603517587939677e+04	5.056312945159428886e-38
1.123140703517588008e+04	4.485176866741537221e-38
1.130677889447236157e+04	5.291622826669590407e-38
1.138215075376884488e+04	5.605566668808811461e-38
1.145752261306532637e+04	3.673978944652926668e-38
1.153289447236180968e+04	3.718984762727664271e-38
1.160826633165829116e+04	2.227735231229299685e-38
1.168363819095477447e+04	6.628255221558206201e-38
1.175901005025125596e+04	5.482764778940944823e-38
1.183438190954773927e+04	3.491443909768336173e-38
1.190975376884422076e+04	4.550409735297634934e-38
1.198512562814070407e+04	2.573117912716809778e-38
1.206049748743718555e+04	3.735722340928811347e-38
1.213586934673366886e+04	2.496370392446607114e-38
1.221124120603015035e+04	3.069949642467569993e-38
1.228661306532663366e+04	2.680072783024185791e-38
1.236198492462311515e+04	2.749380709392802459e-38
1.243735678391959846e+04	2.173715829131731165e-38
1.251272864321607994e+04	1.323553844963116742e-38
1.258810050251256325e+04	1.748528183520707230e-38
1.266347236180904474e+04	1.783914567568495143e-38
1.273884422110552805e+04	1.701147695359922525e-38
1.281421608040200954e+04	1.781924032269913317e-38
1.288958793969849285e+04	9.229169865712366537e-39
1.296495979899497434e+04	2.293358906154290847e-38
1.304033165829145764e+04	2.037067315918691227e-38
1.311570351758793913e+04	1.103931615045125491e-38
1.319107537688442244e+04	2.319843270688152710e-38
1.326644723618090393e+04	1.496192010497656919e-38
1.334181909547738724e+04	2.053720050057774061e-38
1.341719095477386873e+04	1.633972087781279007e-38
1.349256281407035203e+04	1.548324273649116435e-38
1.356793467336683352e+04	1.354642485975490777e-38
1.364330653266331683e+04	1.760463107925369760e-38
1.371867839195979832e+04	1.497417952345256208e-38
1.379405025125628163e+04	1.681655122554666075e-38
1.386942211055276312e+04	1.677597269562921413e-38
1.394479396984924642e+04	1.374676536927401500e-38
1.402016582914572791e+04	1.013266679950872856e-38
1.409553768844221122e+04	1.223676692072153362e-38
1.417090954773869271e+04	1.147046649713394981e-38
1.424628140703517602e+04	5.180874280950943377e-39
1.432165326633165751e+04	1.284166874065821954e-38
1.439702512562814081e+04	1.156905513900974880e-38
1.447239698492462412e+04	1.325678112426605361e-38
1.454776884422110561e+04	1.026304813973994271e-38
1.462314070351758892e+04	1.325564466176522052e-38
1.469851256281407041e+04	1.052854660476334620e-38
1.477388442211055371e+04	8.706496096316418666e-39
1.484925628140703520e+04	6.944350906296022187e-39
1.492462814070351851e+04	9.350646907154983971e-39
1.500000000000000000e+04	9.640444809120256396e-39
