# Chain:	[5641.2, 4870.0, 4218.4, 3603.06, 3157.51, 2550.85, 1721.43, 1011.8, 9.4057]
# Electron_projectile_energy, keV	cross_section, cm^2
1.000000000000000000e+00	0.000000000000000000e+00
7.637185929648241256e+01	1.436961156362243795e-30
1.517437185929648251e+02	5.069904309752137670e-32
2.271155778894472519e+02	7.534841072775451911e-33
3.024874371859296502e+02	1.975942894549005373e-33
3.778592964824120486e+02	7.048301593048702438e-34
4.532311557788945038e+02	3.045822053937975571e-34
5.286030150753769021e+02	1.502388131624234204e-34
6.039748743718593005e+02	8.151442375032201978e-35
6.793467336683416988e+02	4.757322115888954084e-35
7.547185929648240972e+02	2.941774702917388464e-35
8.300904522613064955e+02	1.906689943598196855e-35
9.054623115577890076e+02	1.279379601015597550e-35
9.808341708542714059e+02	8.903263992529182393e-36
1.056206030150753804e+03	7.911258016613479351e-18
1.131577889447236203e+03	8.159638500572582226e-20
1.206949748743718601e+03	2.898987497133613879e-22
1.282321608040200999e+03	2.795935495413929384e-19
1.357693467336683398e+03	2.456830487987054375e-18
1.433065326633165796e+03	9.213036117274425306e-22
1.508437185929648194e+03	9.823733467103729952e-23
1.583809045226130593e+03	3.736509964107529700e-18
1.659180904522612991e+03	4.691166359536769959e-20
1.734552763819095389e+03	1.886345551056193675e-16
1.809924623115578015e+03	4.357669230038549175e-17
1.885296482412060413e+03	5.748804880942753691e-20
1.960668341708542812e+03	1.277925510268751737e-19
2.036040201005025210e+03	2.445940504251307522e-20
2.111412060301507609e+03	3.156431639947356830e-19
2.186783919597990007e+03	8.829603679265621065e-19
2.262155778894472405e+03	6.684377093478410947e-19
2.337527638190954804e+03	4.916404477548157634e-21
2.412899497487437202e+03	1.443458788582845628e-21
2.488271356783919600e+03	1.372757247575774152e-19
2.563643216080401999e+03	9.079859584305299399e-22
2.639015075376884397e+03	9.586814858617649598e-22
2.714386934673366795e+03	6.020621550274312482e-22
2.789758793969849194e+03	1.642554777122476947e-23
2.865130653266331592e+03	1.332006077357261792e-23
2.940502512562813990e+03	9.452103491195050155e-24
3.015874371859296389e+03	5.037273644294421651e-24
3.091246231155778787e+03	1.830260288975419025e-23
3.166618090452261185e+03	1.456595308745745157e-23
3.241989949748743584e+03	1.725029244026060459e-23
3.317361809045225982e+03	2.446839945005938041e-23
3.392733668341708380e+03	2.087421392646663183e-23
3.468105527638190779e+03	6.399025292936139627e-23
3.543477386934673177e+03	1.620811049535856003e-22
3.618849246231156030e+03	8.622103155091378342e-22
3.694221105527638429e+03	6.095766830040583262e-20
3.769592964824120827e+03	4.196821100587509446e-21
3.844964824120603225e+03	1.374252043943149691e-21
3.920336683417085624e+03	1.279486841622603253e-21
3.995708542713568022e+03	7.373359963762888155e-22
4.071080402010050420e+03	2.345171332651601501e-21
4.146452261306532819e+03	6.668448117268655348e-19
4.221824120603015217e+03	4.953195347949601641e-21
4.297195979899497615e+03	1.184525799850544938e-21
4.372567839195980014e+03	6.126396081308200985e-22
4.447939698492462412e+03	3.252284424775265666e-22
4.523311557788944810e+03	6.004711904123329169e-22
4.598683417085427209e+03	8.414345504125032857e-22
4.674055276381909607e+03	4.897027681249382837e-21
4.749427135678392006e+03	2.160798018555688287e-21
4.824798994974874404e+03	1.386802481354688869e-22
4.900170854271356802e+03	4.212592426173583746e-23
4.975542713567839201e+03	9.865122709382455188e-23
5.050914572864321599e+03	1.606692917995304655e-21
5.126286432160803997e+03	2.402836435989460308e-23
5.201658291457286396e+03	5.863640660299889827e-24
5.277030150753768794e+03	3.374335815506677942e-24
5.352402010050251192e+03	1.700300502527667692e-24
5.427773869346733591e+03	1.948493860744143168e-24
5.503145728643215989e+03	1.069446711516581941e-24
5.578517587939698387e+03	1.617202522583124007e-24
5.653889447236180786e+03	6.774810457237569482e-24
5.729261306532663184e+03	1.366261376172319395e-22
5.804633165829145582e+03	4.155321332838397822e-24
5.880005025125627981e+03	6.055480990048615292e-25
5.955376884422110379e+03	2.298064644945686818e-25
6.030748743718592777e+03	1.215718676380322778e-25
6.106120603015075176e+03	1.296256369379771241e-25
6.181492462311557574e+03	5.880073692072298257e-26
6.256864321608039972e+03	4.793085583278198875e-26
6.332236180904522371e+03	2.724951447339317495e-26
6.407608040201004769e+03	4.201986469884501370e-26
6.482979899497487168e+03	1.321951772389262496e-26
6.558351758793969566e+03	5.402350894389945094e-26
6.633723618090451964e+03	3.161617618256495490e-26
6.709095477386934363e+03	5.024061375055340748e-26
6.784467336683416761e+03	2.142712090070672919e-26
6.859839195979899159e+03	1.281442731287216891e-26
6.935211055276381558e+03	7.651449403339784300e-27
7.010582914572863956e+03	9.686768122836073519e-27
7.085954773869346354e+03	1.907024565186908004e-27
7.161326633165828753e+03	1.553146983072011129e-26
7.236698492462312061e+03	1.304120675708024678e-26
7.312070351758794459e+03	1.862530496519084538e-26
7.387442211055276857e+03	1.641126272637690303e-26
7.462814070351759256e+03	1.458385651004774483e-26
7.538185929648241654e+03	1.702585329194274077e-27
7.613557788944724052e+03	7.435060663138836189e-27
7.688929648241206451e+03	4.350184877919981122e-27
7.764301507537688849e+03	2.665211409854788528e-27
7.839673366834171247e+03	7.124832038170623254e-28
7.915045226130653646e+03	6.973508363350091808e-27
7.990417085427136044e+03	2.060410224329875358e-27
8.065788944723618442e+03	2.974051341931517258e-27
8.141160804020100841e+03	1.124291581628547015e-27
8.216532663316582330e+03	5.624090430572821770e-27
8.291904522613065637e+03	4.814309195805656509e-28
8.367276381909547126e+03	1.918285835477754340e-28
8.442648241206030434e+03	8.628835744250299383e-28
8.518020100502511923e+03	5.887683273177810468e-28
8.593391959798995231e+03	4.084843467343308620e-27
8.668763819095476720e+03	2.966454670032556573e-27
8.744135678391960028e+03	2.651557128187376747e-28
8.819507537688441516e+03	8.307338269268504561e-29
8.894879396984924824e+03	2.645942155282835220e-27
8.970251256281406313e+03	3.855414605595716192e-27
9.045623115577889621e+03	1.274981333280478182e-27
9.120994974874371110e+03	1.408089411892568953e-27
9.196366834170854418e+03	3.033804140226345064e-28
9.271738693467335906e+03	7.501072357468436621e-28
9.347110552763819214e+03	5.709199908726120337e-28
9.422482412060300703e+03	1.250472190807808113e-27
9.497854271356784011e+03	1.142958736743982310e-28
9.573226130653265500e+03	2.741663668640339299e-28
9.648597989949748808e+03	6.306823197368303193e-28
9.723969849246232116e+03	7.823235492310119807e-28
9.799341708542713604e+03	4.885581186871241748e-29
9.874713567839196912e+03	9.631294760340134357e-28
9.950085427135678401e+03	9.533943546042477362e-28
1.002545728643216171e+04	4.160298991091992166e-28
1.010082914572864320e+04	8.339861245300330776e-29
1.017620100502512651e+04	2.780672049849251457e-28
1.025157286432160799e+04	1.125940478613831294e-28
1.032694472361809130e+04	1.766406515314222408e-28
1.040231658291457279e+04	1.453850358135251869e-28
1.047768844221105610e+04	7.446082470705257924e-28
1.055306030150753759e+04	4.024108135072088594e-28
1.062843216080402090e+04	1.375315370036353071e-27
1.070380402010050238e+04	1.108703385718969073e-28
1.077917587939698569e+04	7.073969522341579290e-28
1.085454773869346718e+04	1.642913960049484344e-28
1.092991959798995049e+04	1.226023455168765683e-27
1.100529145728643198e+04	1.135342172600435142e-28
1.108066331658291529e+04	8.196586984352483218e-28
1.115603517587939677e+04	4.972528405467721463e-29
1.123140703517588008e+04	3.026362783117039848e-29
1.130677889447236157e+04	2.441805021549327051e-28
1.138215075376884488e+04	4.488592299912955203e-29
1.145752261306532637e+04	6.667935860172976894e-29
1.153289447236180968e+04	3.856175877678703113e-28
1.160826633165829116e+04	1.306802114458661668e-28
1.168363819095477447e+04	8.879448209940899451e-29
1.175901005025125596e+04	6.657866494587122136e-29
1.183438190954773927e+04	1.822772031200383566e-28
1.190975376884422076e+04	3.894757287145004407e-29
1.198512562814070407e+04	2.909272916702602759e-28
1.206049748743718555e+04	1.593979151285907077e-28
1.213586934673366886e+04	4.530082724141007571e-29
1.221124120603015035e+04	3.757484412126899941e-29
1.228661306532663366e+04	5.709845538440336061e-29
1.236198492462311515e+04	2.731223736770329852e-29
1.243735678391959846e+04	1.176167921856017122e-28
1.251272864321607994e+04	6.167425560691387676e-29
1.258810050251256325e+04	2.351472227182514404e-29
1.266347236180904474e+04	1.195807539199444417e-28
1.273884422110552805e+04	1.344413744851999181e-28
1.281421608040200954e+04	5.118239704082631865e-29
1.288958793969849285e+04	7.010669700872988801e-29
1.296495979899497434e+04	1.078720591974157755e-28
1.304033165829145764e+04	1.230914454854407835e-28
1.311570351758793913e+04	6.849803365951303168e-29
1.319107537688442244e+04	7.308053935811000851e-29
1.326644723618090393e+04	6.875328490174352944e-29
1.334181909547738724e+04	1.454920334842122956e-28
1.341719095477386873e+04	1.462775683151634939e-28
1.349256281407035203e+04	4.787251653658639367e-29
1.356793467336683352e+04	9.185975409409672314e-29
1.364330653266331683e+04	9.798774511667800344e-29
1.371867839195979832e+04	3.316556205133664477e-29
1.379405025125628163e+04	4.809107413707851841e-29
1.386942211055276312e+04	1.117154423277317247e-28
1.394479396984924642e+04	1.085537232204116134e-28
1.402016582914572791e+04	7.479565832741899851e-29
1.409553768844221122e+04	1.080022860528923798e-29
1.417090954773869271e+04	8.077804430833471157e-29
1.424628140703517602e+04	5.604654975317028882e-29
1.432165326633165751e+04	1.233862642826819043e-28
1.439702512562814081e+04	7.076922563417359086e-29
1.447239698492462412e+04	1.246988262880030605e-28
1.454776884422110561e+04	6.301598415521840852e-29
1.462314070351758892e+04	8.081232412696940993e-29
1.469851256281407041e+04	9.339922475219822069e-29
1.477388442211055371e+04	7.318654562644037189e-29
1.484925628140703520e+04	3.850126820499455204e-29
1.492462814070351851e+04	5.169311982182194853e-29
1.500000000000000000e+04	1.365365369714184990e-28
