# Chain:	[4629.8, 3603.06, 3157.51, 2841.2, 2640.63, 2510.15, 2338.06, 1170.4, 690.146, 571.1538, 41.5575, 9.4057]
# Electron_projectile_energy, keV	cross_section, cm^2
1.000000000000000000e+00	0.000000000000000000e+00
7.637185929648241256e+01	7.249373173504583465e-34
1.517437185929648251e+02	2.557732902703960801e-35
2.271155778894472519e+02	3.801277055942142123e-36
3.024874371859296502e+02	9.968500086935913354e-37
3.778592964824120486e+02	3.555821134147355403e-37
4.532311557788945038e+02	1.536596907392002314e-37
5.286030150753769021e+02	7.579447899037564123e-38
6.039748743718593005e+02	4.112348299554884333e-38
6.793467336683416988e+02	2.400037271150248481e-38
7.547185929648240972e+02	1.484105712906804152e-38
8.300904522613064955e+02	9.619123569285453238e-39
9.054623115577890076e+02	6.454384739119149519e-39
9.808341708542714059e+02	4.491637290145350318e-39
1.056206030150753804e+03	3.208187154023232255e-39
1.131577889447236203e+03	2.338658470470253823e-39
1.206949748743718601e+03	4.104261830091991353e-30
1.282321608040200999e+03	2.925255992548155494e-31
1.357693467336683398e+03	8.598791421405213757e-31
1.433065326633165796e+03	2.536389186901779407e-36
1.508437185929648194e+03	7.132256896451958356e-34
1.583809045226130593e+03	3.002852290649924522e-29
1.659180904522612991e+03	6.470757675395772548e-32
1.734552763819095389e+03	9.073591695644516086e-33
1.809924623115578015e+03	1.738414867441696507e-31
1.885296482412060413e+03	2.174577313913049569e-32
1.960668341708542812e+03	2.361701659044679814e-34
2.036040201005025210e+03	3.263277727221589063e-34
2.111412060301507609e+03	2.861944974987976395e-33
2.186783919597990007e+03	2.153766659639404241e-32
2.262155778894472405e+03	1.958723174783328201e-33
2.337527638190954804e+03	4.025968159242547183e-33
2.412899497487437202e+03	2.766244850098779521e-34
2.488271356783919600e+03	9.799575524598014434e-34
2.563643216080401999e+03	6.427719288704786312e-35
2.639015075376884397e+03	1.226670281995860248e-35
2.714386934673366795e+03	6.959818127700905029e-36
2.789758793969849194e+03	8.698798276009895110e-36
2.865130653266331592e+03	3.627047865088593420e-36
2.940502512562813990e+03	4.765048083451180249e-36
3.015874371859296389e+03	1.317088610609717616e-35
3.091246231155778787e+03	2.197618224875899397e-34
3.166618090452261185e+03	6.067532312376618536e-35
3.241989949748743584e+03	1.045144849976526582e-35
3.317361809045225982e+03	8.688547418398949224e-36
3.392733668341708380e+03	1.046308547675615435e-35
3.468105527638190779e+03	1.312961876857954250e-35
3.543477386934673177e+03	2.199050191281490750e-35
3.618849246231156030e+03	3.408289030968443542e-35
3.694221105527638429e+03	8.767918895563926540e-35
3.769592964824120827e+03	1.607534043663553073e-32
3.844964824120603225e+03	1.302743925589843170e-34
3.920336683417085624e+03	3.182154959143211612e-35
3.995708542713568022e+03	1.487127139046242730e-35
4.071080402010050420e+03	9.062108122529131301e-36
4.146452261306532819e+03	4.079413921481997611e-36
4.221824120603015217e+03	8.281734871526619855e-36
4.297195979899497615e+03	6.115427409192745051e-36
4.372567839195980014e+03	5.612570123727598481e-36
4.447939698492462412e+03	8.141923993822799082e-36
4.523311557788944810e+03	6.000823527043983681e-36
4.598683417085427209e+03	2.108735691159770877e-35
4.674055276381909607e+03	1.609131097809394559e-34
4.749427135678392006e+03	4.760525816325972487e-33
4.824798994974874404e+03	1.416011339332789884e-34
4.900170854271356802e+03	2.031043421294732598e-35
4.975542713567839201e+03	7.096176453272938032e-36
5.050914572864321599e+03	3.399300927234902580e-36
5.126286432160803997e+03	1.847032600569781992e-36
5.201658291457286396e+03	1.251310837694605117e-36
5.277030150753768794e+03	7.652449998540316748e-37
5.352402010050251192e+03	4.937142736321977780e-37
5.427773869346733591e+03	3.640421471173786156e-37
5.503145728643215989e+03	2.723271098557455363e-37
5.578517587939698387e+03	2.185295473161496703e-37
5.653889447236180786e+03	1.650781904043611338e-37
5.729261306532663184e+03	1.133590668253877822e-37
5.804633165829145582e+03	9.437791153666292688e-38
5.880005025125627981e+03	8.475017177397580062e-38
5.955376884422110379e+03	7.378353065710007539e-38
6.030748743718592777e+03	3.972617669024074694e-38
6.106120603015075176e+03	4.489178159168479047e-38
6.181492462311557574e+03	4.000645283648811025e-38
6.256864321608039972e+03	2.292155665362624904e-38
6.332236180904522371e+03	2.233475902071208182e-38
6.407608040201004769e+03	1.775636733452387298e-38
6.482979899497487168e+03	1.495510501319872369e-38
6.558351758793969566e+03	1.815997624803086533e-38
6.633723618090451964e+03	1.245114528826156846e-38
6.709095477386934363e+03	8.302652264759372748e-39
6.784467336683416761e+03	1.125283932564579849e-38
6.859839195979899159e+03	8.350545041470796116e-39
6.935211055276381558e+03	8.565812663647027809e-39
7.010582914572863956e+03	5.818335894476375947e-39
7.085954773869346354e+03	5.353979248981077635e-39
7.161326633165828753e+03	4.612039653895144941e-39
7.236698492462312061e+03	3.541595238056153914e-39
7.312070351758794459e+03	4.331688261374535809e-39
7.387442211055276857e+03	2.879687481688528564e-39
7.462814070351759256e+03	2.863131659207620073e-39
7.538185929648241654e+03	1.935544768162742484e-39
7.613557788944724052e+03	1.250875410520565475e-39
7.688929648241206451e+03	1.466650162795268210e-39
7.764301507537688849e+03	1.042851694768632466e-39
7.839673366834171247e+03	2.233310030784811763e-39
7.915045226130653646e+03	1.070327293339191070e-39
7.990417085427136044e+03	8.910239987794623513e-40
8.065788944723618442e+03	1.035314662535177635e-39
8.141160804020100841e+03	1.228129154690146210e-39
8.216532663316582330e+03	1.115035367743651181e-39
8.291904522613065637e+03	1.100032924112957286e-39
8.367276381909547126e+03	5.670436164340199322e-40
8.442648241206030434e+03	3.871920862030271791e-40
8.518020100502511923e+03	6.393797796298860991e-40
8.593391959798995231e+03	7.008903441307181456e-40
8.668763819095476720e+03	4.262396437801026758e-40
8.744135678391960028e+03	5.304821528185377553e-40
8.819507537688441516e+03	3.516196656733145854e-40
8.894879396984924824e+03	3.755665966114902647e-40
8.970251256281406313e+03	3.379273017746520339e-40
9.045623115577889621e+03	4.847421161379102300e-40
9.120994974874371110e+03	2.135083614309995324e-40
9.196366834170854418e+03	2.106850194327413028e-40
9.271738693467335906e+03	1.543825306428323149e-40
9.347110552763819214e+03	2.453249651586075144e-40
9.422482412060300703e+03	2.597123063170059911e-40
9.497854271356784011e+03	3.216695332352955397e-40
9.573226130653265500e+03	1.551440866627040446e-40
9.648597989949748808e+03	1.542485987852007962e-40
9.723969849246232116e+03	1.610163503166938572e-40
9.799341708542713604e+03	6.520655349652311220e-41
9.874713567839196912e+03	4.560910185957315310e-41
9.950085427135678401e+03	1.614960840589636170e-40
1.002545728643216171e+04	7.884156925633106849e-41
1.010082914572864320e+04	1.444345457897750341e-40
1.017620100502512651e+04	1.430419174489697478e-40
1.025157286432160799e+04	8.064737210984729540e-41
1.032694472361809130e+04	5.528742747193811657e-41
1.040231658291457279e+04	8.791187273128601251e-41
1.047768844221105610e+04	1.118979853384998269e-40
1.055306030150753759e+04	1.012303599701819584e-40
1.062843216080402090e+04	5.711289554879003437e-41
1.070380402010050238e+04	7.721245925781310589e-41
1.077917587939698569e+04	1.105656230811828065e-40
1.085454773869346718e+04	7.596851595853707734e-41
1.092991959798995049e+04	6.026546599598414945e-41
1.100529145728643198e+04	5.563660125074920242e-41
1.108066331658291529e+04	6.530850237785917459e-41
1.115603517587939677e+04	5.750369570627428217e-41
1.123140703517588008e+04	5.106014368543623941e-41
1.130677889447236157e+04	6.031744324901158305e-41
1.138215075376884488e+04	6.445053273159302631e-41
1.145752261306532637e+04	4.158587813785810831e-41
1.153289447236180968e+04	4.229141631874933103e-41
1.160826633165829116e+04	2.445122477433788059e-41
1.168363819095477447e+04	7.705055676019471490e-41
1.175901005025125596e+04	6.342233971349891101e-41
1.183438190954773927e+04	3.989548258585267494e-41
1.190975376884422076e+04	5.243639894502751710e-41
1.198512562814070407e+04	2.920552346340784261e-41
1.206049748743718555e+04	4.306290530300394612e-41
1.213586934673366886e+04	2.845318138066716010e-41
1.221124120603015035e+04	3.508685348226744786e-41
1.228661306532663366e+04	3.045757106779185683e-41
1.236198492462311515e+04	3.126161736393759021e-41
1.243735678391959846e+04	2.477134183200209907e-41
1.251272864321607994e+04	1.447132555291784016e-41
1.258810050251256325e+04	1.958233673786682112e-41
1.266347236180904474e+04	1.968310000486475847e-41
1.273884422110552805e+04	1.893415613678486637e-41
1.281421608040200954e+04	2.002870458430604952e-41
1.288958793969849285e+04	9.851815629907350611e-42
1.296495979899497434e+04	2.611343639956554384e-41
1.304033165829145764e+04	2.318785352606692826e-41
1.311570351758793913e+04	1.223399621457815563e-41
1.319107537688442244e+04	2.648045593551626531e-41
1.326644723618090393e+04	1.683571079769957090e-41
1.334181909547738724e+04	2.345204723297051111e-41
1.341719095477386873e+04	1.856883851802830456e-41
1.349256281407035203e+04	1.753868391725129819e-41
1.356793467336683352e+04	1.527355968241565935e-41
1.364330653266331683e+04	2.013612923859367370e-41
1.371867839195979832e+04	1.698454959520198399e-41
1.379405025125628163e+04	1.919991318622043186e-41
1.386942211055276312e+04	1.916995957679540801e-41
1.394479396984924642e+04	1.557406536306873996e-41
1.402016582914572791e+04	1.134902642762809990e-41
1.409553768844221122e+04	1.380614562127509203e-41
1.417090954773869271e+04	1.293855855737405924e-41
1.424628140703517602e+04	5.575902857412068633e-42
1.432165326633165751e+04	1.458924460649770555e-41
1.439702512562814081e+04	1.306917424388971222e-41
1.447239698492462412e+04	1.510645008805045317e-41
1.454776884422110561e+04	1.155999768491456054e-41
1.462314070351758892e+04	1.510943895716353602e-41
1.469851256281407041e+04	1.192335554891167297e-41
1.477388442211055371e+04	9.770769442889202975e-42
1.484925628140703520e+04	7.704921656383372765e-42
1.492462814070351851e+04	1.055027056354769966e-41
1.500000000000000000e+04	1.091991717516603323e-41
