# Chain:	[5641.2, 4218.4, 3157.51, 2841.2, 2640.63, 2265.8, 1721.43, 1011.8, 9.4057]
# Electron_projectile_energy, keV	cross_section, cm^2
1.000000000000000000e+00	0.000000000000000000e+00
7.637185929648241256e+01	1.436961156362243795e-30
1.517437185929648251e+02	5.069904309752137670e-32
2.271155778894472519e+02	7.534841072775451911e-33
3.024874371859296502e+02	1.975942894549005373e-33
3.778592964824120486e+02	7.048301593048702438e-34
4.532311557788945038e+02	3.045822053937975571e-34
5.286030150753769021e+02	1.502388131624234204e-34
6.039748743718593005e+02	8.151442375032201978e-35
6.793467336683416988e+02	4.757322115888954084e-35
7.547185929648240972e+02	2.941774702917388464e-35
8.300904522613064955e+02	1.906689943598196855e-35
9.054623115577890076e+02	1.279379601015597550e-35
9.808341708542714059e+02	8.903263992529182393e-36
1.056206030150753804e+03	7.911258016613479351e-18
1.131577889447236203e+03	8.159638500572582226e-20
1.206949748743718601e+03	2.898987497133613879e-22
1.282321608040200999e+03	2.795935495413929384e-19
1.357693467336683398e+03	2.456830487987054375e-18
1.433065326633165796e+03	9.213036117274425306e-22
1.508437185929648194e+03	9.823733467103729952e-23
1.583809045226130593e+03	3.736509964107529700e-18
1.659180904522612991e+03	4.691166359536769959e-20
1.734552763819095389e+03	1.764586264071809423e-16
1.809924623115578015e+03	4.357224808573669227e-17
1.885296482412060413e+03	5.649839750416181011e-20
1.960668341708542812e+03	1.197325391929205023e-19
2.036040201005025210e+03	2.445272656977754879e-20
2.111412060301507609e+03	2.998586622251200362e-19
2.186783919597990007e+03	8.829510569269859686e-19
2.262155778894472405e+03	6.684370283488344243e-19
2.337527638190954804e+03	4.915807479101953974e-21
2.412899497487437202e+03	1.442999467258016044e-21
2.488271356783919600e+03	1.372755674648623603e-19
2.563643216080401999e+03	8.637230229352390667e-22
2.639015075376884397e+03	9.000474597581534253e-22
2.714386934673366795e+03	5.645428603763566332e-22
2.789758793969849194e+03	1.611344521932505465e-23
2.865130653266331592e+03	1.320104208560838732e-23
2.940502512562813990e+03	9.425388120844895755e-24
3.015874371859296389e+03	5.026493671210520917e-24
3.091246231155778787e+03	1.829001327930717772e-23
3.166618090452261185e+03	1.456480764715299242e-23
3.241989949748743584e+03	1.724862954952556256e-23
3.317361809045225982e+03	2.446624927181425554e-23
3.392733668341708380e+03	2.087149825642692124e-23
3.468105527638190779e+03	6.398738225211618079e-23
3.543477386934673177e+03	1.620796736898443052e-22
3.618849246231156030e+03	8.622087586016713857e-22
3.694221105527638429e+03	6.095766648465866535e-20
3.769592964824120827e+03	4.196816746134567321e-21
3.844964824120603225e+03	1.374248905596158446e-21
3.920336683417085624e+03	1.279482841951712060e-21
3.995708542713568022e+03	7.373338904065355062e-22
4.071080402010050420e+03	2.345169761007883399e-21
4.146452261306532819e+03	6.668448069813659667e-19
4.221824120603015217e+03	4.953188798649542805e-21
4.297195979899497615e+03	1.184508776813938537e-21
4.372567839195980014e+03	6.125444931532823528e-22
4.447939698492462412e+03	3.247080522874277924e-22
4.523311557788944810e+03	5.815256049910283240e-22
4.598683417085427209e+03	8.409583393155805645e-22
4.674055276381909607e+03	4.896809537921635082e-21
4.749427135678392006e+03	2.160575049284034865e-21
4.824798994974874404e+03	1.383467365391619060e-22
4.900170854271356802e+03	4.136984031091027159e-23
4.975542713567839201e+03	9.290797014025948302e-23
5.050914572864321599e+03	1.503246596498100490e-21
5.126286432160803997e+03	2.268484662142229906e-23
5.201658291457286396e+03	5.553453522716466729e-24
5.277030150753768794e+03	3.226741235099284090e-24
5.352402010050251192e+03	1.614714691225153020e-24
5.427773869346733591e+03	1.876300129154020847e-24
5.503145728643215989e+03	1.025416569826938416e-24
5.578517587939698387e+03	1.537346709194897816e-24
5.653889447236180786e+03	6.348139637504079587e-24
5.729261306532663184e+03	1.278142316842921383e-22
5.804633165829145582e+03	3.894920596615067648e-24
5.880005025125627981e+03	5.795189491844295552e-25
5.955376884422110379e+03	2.228020812395971685e-25
6.030748743718592777e+03	1.184003270497579999e-25
6.106120603015075176e+03	1.282333869732721593e-25
6.181492462311557574e+03	5.826686537101663847e-26
6.256864321608039972e+03	4.767138632686988199e-26
6.332236180904522371e+03	2.695839792591806080e-26
6.407608040201004769e+03	4.186420391030180805e-26
6.482979899497487168e+03	1.308005007171270182e-26
6.558351758793969566e+03	5.395085036953043251e-26
6.633723618090451964e+03	3.155746752328735008e-26
6.709095477386934363e+03	5.019056895376000747e-26
6.784467336683416761e+03	2.132696729899829214e-26
6.859839195979899159e+03	1.277089670275119506e-26
6.935211055276381558e+03	7.586553578117984069e-27
7.010582914572863956e+03	9.677020026661937615e-27
7.085954773869346354e+03	1.872782685575060314e-27
7.161326633165828753e+03	1.549735428840246064e-26
7.236698492462312061e+03	1.303489127041089549e-26
7.312070351758794459e+03	1.860834353557639129e-26
7.387442211055276857e+03	1.640770072956446925e-26
7.462814070351759256e+03	1.455707148232641625e-26
7.538185929648241654e+03	1.694165900343889502e-27
7.613557788944724052e+03	7.416583322805936543e-27
7.688929648241206451e+03	4.348042397578041871e-27
7.764301507537688849e+03	2.658490255720403642e-27
7.839673366834171247e+03	7.036070515069984262e-28
7.915045226130653646e+03	6.972762233650319428e-27
7.990417085427136044e+03	2.055883517208158033e-27
8.065788944723618442e+03	2.972257493050867124e-27
8.141160804020100841e+03	1.121649763155676350e-27
8.216532663316582330e+03	5.623215171030401542e-27
8.291904522613065637e+03	4.785556585243224343e-28
8.367276381909547126e+03	1.904936624734483976e-28
8.442648241206030434e+03	8.527032567357743020e-28
8.518020100502511923e+03	5.874325715536810773e-28
8.593391959798995231e+03	4.084215667249474515e-27
8.668763819095476720e+03	2.963537417305023211e-27
8.744135678391960028e+03	2.651431276106767130e-28
8.819507537688441516e+03	8.131214697298759716e-29
8.894879396984924824e+03	2.645412173432568676e-27
8.970251256281406313e+03	3.852576034543060475e-27
9.045623115577889621e+03	1.273213161632160254e-27
9.120994974874371110e+03	1.405811667569793817e-27
9.196366834170854418e+03	3.031029469932227850e-28
9.271738693467335906e+03	7.469891694149090856e-28
9.347110552763819214e+03	5.690302781167052625e-28
9.422482412060300703e+03	1.249426319904693145e-27
9.497854271356784011e+03	1.138727498140009906e-28
9.573226130653265500e+03	2.738720748499735466e-28
9.648597989949748808e+03	6.292496728920628584e-28
9.723969849246232116e+03	7.809726082673104161e-28
9.799341708542713604e+03	4.777858650022257998e-29
9.874713567839196912e+03	9.629849216943718885e-28
9.950085427135678401e+03	9.530290571039691912e-28
1.002545728643216171e+04	4.153302810056063375e-28
1.010082914572864320e+04	8.248351853163711199e-29
1.017620100502512651e+04	2.778815098510980099e-28
1.025157286432160799e+04	1.123689196176288445e-28
1.032694472361809130e+04	1.766258004991280230e-28
1.040231658291457279e+04	1.448035179230990199e-28
1.047768844221105610e+04	7.442150964636147872e-28
1.055306030150753759e+04	4.021371842701272186e-28
1.062843216080402090e+04	1.375007656082306363e-27
1.070380402010050238e+04	1.101680836248831242e-28
1.077917587939698569e+04	7.070799501242556198e-28
1.085454773869346718e+04	1.636251120528498282e-28
1.092991959798995049e+04	1.226005544704978925e-27
1.100529145728643198e+04	1.133883118980674539e-28
1.108066331658291529e+04	8.196567134121728186e-28
1.115603517587939677e+04	4.921796306917916294e-29
1.123140703517588008e+04	3.025464394566506902e-29
1.130677889447236157e+04	2.440915342823869156e-28
1.138215075376884488e+04	4.484423334342088280e-29
1.145752261306532637e+04	6.632941039734768149e-29
1.153289447236180968e+04	3.855283160381107527e-28
1.160826633165829116e+04	1.306776182921234699e-28
1.168363819095477447e+04	8.868448790582472034e-29
1.175901005025125596e+04	6.651976602548424502e-29
1.183438190954773927e+04	1.821886765791229400e-28
1.190975376884422076e+04	3.874707149658184630e-29
1.198512562814070407e+04	2.908188725621936401e-28
1.206049748743718555e+04	1.592494697350560727e-28
1.213586934673366886e+04	4.516178526521209848e-29
1.221124120603015035e+04	3.738585317007879214e-29
1.228661306532663366e+04	5.708375175804693710e-29
1.236198492462311515e+04	2.729254550220111747e-29
1.243735678391959846e+04	1.175746410207496769e-28
1.251272864321607994e+04	6.142657540953025141e-29
1.258810050251256325e+04	2.349681887072771146e-29
1.266347236180904474e+04	1.195656834020209131e-28
1.273884422110552805e+04	1.344309394541857378e-28
1.281421608040200954e+04	5.112260192555463878e-29
1.288958793969849285e+04	7.006105206395215388e-29
1.296495979899497434e+04	1.078225095289585839e-28
1.304033165829145764e+04	1.230595455001835924e-28
1.311570351758793913e+04	6.838311954084128872e-29
1.319107537688442244e+04	7.306762232010408887e-29
1.326644723618090393e+04	6.872249115224470114e-29
1.334181909547738724e+04	1.454822588033623318e-28
1.341719095477386873e+04	1.462244084806250224e-28
1.349256281407035203e+04	4.782200694895598378e-29
1.356793467336683352e+04	9.184922912449282779e-29
1.364330653266331683e+04	9.795329408784457586e-29
1.371867839195979832e+04	3.315669607908876323e-29
1.379405025125628163e+04	4.802741037876630532e-29
1.386942211055276312e+04	1.117123588683184029e-28
1.394479396984924642e+04	1.085077668567947811e-28
1.402016582914572791e+04	7.474168690909018166e-29
1.409553768844221122e+04	1.076612949847727937e-29
1.417090954773869271e+04	8.077048768465877479e-29
1.424628140703517602e+04	5.603370416472190930e-29
1.432165326633165751e+04	1.233770205417600950e-28
1.439702512562814081e+04	7.074587781983960813e-29
1.447239698492462412e+04	1.246897399453069496e-28
1.454776884422110561e+04	6.301228925010531933e-29
1.462314070351758892e+04	8.078948695984071656e-29
1.469851256281407041e+04	9.338370988861033049e-29
1.477388442211055371e+04	7.317344248601917182e-29
1.484925628140703520e+04	3.844912460468522836e-29
1.492462814070351851e+04	5.167583176639018867e-29
1.500000000000000000e+04	1.365211705517420803e-28
