# Chain:	[4629.8, 3603.06, 2841.2, 2640.63, 2510.15, 1738.19, 9.4057]
# Electron_projectile_energy, keV	cross_section, cm^2
1.000000000000000000e+00	0.000000000000000000e+00
7.637185929648241256e+01	3.520775150441528262e-30
1.517437185929648251e+02	1.242204288533456371e-31
2.271155778894472519e+02	1.846151588308239064e-32
3.024874371859296502e+02	4.841363046605478992e-33
3.778592964824120486e+02	1.726941956068266359e-33
4.532311557788945038e+02	7.462731022819850271e-34
5.286030150753769021e+02	3.681081271209694061e-34
6.039748743718593005e+02	1.997228361198277215e-34
6.793467336683416988e+02	1.165616858473060065e-34
7.547185929648240972e+02	7.207799060100739179e-35
8.300904522613064955e+02	4.671682698794541275e-35
9.054623115577890076e+02	3.134676179167362912e-35
9.808341708542714059e+02	2.181436184543283628e-35
1.056206030150753804e+03	9.683366529503523245e-18
1.131577889447236203e+03	4.653224088706857750e-15
1.206949748743718601e+03	3.758884197223187519e-18
1.282321608040200999e+03	5.239116151032618777e-18
1.357693467336683398e+03	3.015870379630520578e-18
1.433065326633165796e+03	1.253518880278703562e-17
1.508437185929648194e+03	1.114998685903473090e-16
1.583809045226130593e+03	3.738934921926101149e-18
1.659180904522612991e+03	4.721903036891997566e-20
1.734552763819095389e+03	6.884016020965038114e-15
1.809924623115578015e+03	3.179854568197175701e-15
1.885296482412060413e+03	4.845732011498813224e-14
1.960668341708542812e+03	3.007051490973858526e-17
2.036040201005025210e+03	4.405836826909850286e-20
2.111412060301507609e+03	1.266014908151228562e-17
2.186783919597990007e+03	1.157768009277092200e-18
2.262155778894472405e+03	6.768787820219999113e-19
2.337527638190954804e+03	1.388535221893763277e-20
2.412899497487437202e+03	7.816787561981137305e-21
2.488271356783919600e+03	2.104885897617591276e-19
2.563643216080401999e+03	3.213303672025176111e-18
2.639015075376884397e+03	1.319562777777439552e-16
2.714386934673366795e+03	3.128806835854710998e-19
2.789758793969849194e+03	8.998013283000503273e-21
2.865130653266331592e+03	2.578951434420102237e-20
2.940502512562813990e+03	4.577098096422708169e-22
3.015874371859296389e+03	1.390114460470862615e-22
3.091246231155778787e+03	6.643318470877490299e-23
3.166618090452261185e+03	6.743706174833948337e-23
3.241989949748743584e+03	2.809294909880642073e-23
3.317361809045225982e+03	3.155868316197480777e-23
3.392733668341708380e+03	2.708839843414814498e-23
3.468105527638190779e+03	6.714305175313937098e-23
3.543477386934673177e+03	1.757247638050671190e-22
3.618849246231156030e+03	8.643515011340646922e-22
3.694221105527638429e+03	6.096293144231184768e-20
3.769592964824120827e+03	4.208724177489596575e-21
3.844964824120603225e+03	1.385766810315225218e-21
3.920336683417085624e+03	1.286156956931170404e-21
3.995708542713568022e+03	7.460610336370454472e-22
4.071080402010050420e+03	2.355141582389821311e-21
4.146452261306532819e+03	6.668581090416591815e-19
4.221824120603015217e+03	4.970113649106081991e-21
4.297195979899497615e+03	1.226523855674189067e-21
4.372567839195980014e+03	7.167178138376779647e-22
4.447939698492462412e+03	7.558303578419696765e-22
4.523311557788944810e+03	1.674030282688778203e-20
4.598683417085427209e+03	2.692758829786551744e-20
4.674055276381909607e+03	6.229234653594706937e-21
4.749427135678392006e+03	2.919498843303772365e-21
4.824798994974874404e+03	8.221437584167390630e-22
4.900170854271356802e+03	1.295512407037640106e-21
4.975542713567839201e+03	5.002177792217891297e-21
5.050914572864321599e+03	7.532955530795424478e-20
5.126286432160803997e+03	3.337285057824328704e-19
5.201658291457286396e+03	4.348847974406806107e-21
5.277030150753768794e+03	1.040510016388877795e-21
5.352402010050251192e+03	4.641140023557775186e-22
5.427773869346733591e+03	3.123929425560762778e-22
5.503145728643215989e+03	2.195735513567619164e-22
5.578517587939698387e+03	2.761152994349250305e-22
5.653889447236180786e+03	5.775257154763044612e-22
5.729261306532663184e+03	4.995564647467685191e-21
5.804633165829145582e+03	5.063409919395293945e-21
5.880005025125627981e+03	1.538366848132359297e-21
5.955376884422110379e+03	1.106098386734081458e-22
6.030748743718592777e+03	2.783060336824089467e-23
6.106120603015075176e+03	1.075152986818767918e-23
6.181492462311557574e+03	4.723719303150605968e-24
6.256864321608039972e+03	2.059900653362171307e-24
6.332236180904522371e+03	1.684029644202089514e-24
6.407608040201004769e+03	9.504094263965160648e-25
6.482979899497487168e+03	7.815743612833549752e-25
6.558351758793969566e+03	4.898902019297398595e-25
6.633723618090451964e+03	3.044133902544422112e-25
6.709095477386934363e+03	2.236157817337330556e-25
6.784467336683416761e+03	1.951803803307484895e-25
6.859839195979899159e+03	2.197861348531096019e-25
6.935211055276381558e+03	1.171822149372188149e-25
7.010582914572863956e+03	7.850505631062226607e-26
7.085954773869346354e+03	1.391658834759498283e-25
7.161326633165828753e+03	1.311461916982200395e-25
7.236698492462312061e+03	6.004675954272054186e-26
7.312070351758794459e+03	9.178030921067887787e-26
7.387442211055276857e+03	5.214482313824352939e-26
7.462814070351759256e+03	1.215188871707157230e-25
7.538185929648241654e+03	7.788137427710218478e-26
7.613557788944724052e+03	5.422526042663725295e-26
7.688929648241206451e+03	2.882931022175416816e-26
7.764301507537688849e+03	3.019719605665420961e-26
7.839673366834171247e+03	4.135316758527120338e-26
7.915045226130653646e+03	1.862976395574296199e-26
7.990417085427136044e+03	1.255847920342339568e-26
8.065788944723618442e+03	2.582000689963813373e-26
8.141160804020100841e+03	1.108388075653433850e-26
8.216532663316582330e+03	9.505887635396226459e-27
8.291904522613065637e+03	2.533173662744118791e-26
8.367276381909547126e+03	1.882353112348090740e-26
8.442648241206030434e+03	1.841587525844770088e-26
8.518020100502511923e+03	7.148184339206700261e-27
8.593391959798995231e+03	6.576700008362068313e-27
8.668763819095476720e+03	1.451540390573785519e-26
8.744135678391960028e+03	8.950484248581349220e-27
8.819507537688441516e+03	3.533432177763845823e-27
8.894879396984924824e+03	1.051162201248585353e-26
8.970251256281406313e+03	1.223825604185092013e-26
9.045623115577889621e+03	1.091952861690420815e-26
9.120994974874371110e+03	9.180082955329338925e-27
9.196366834170854418e+03	5.687520471512010592e-27
9.271738693467335906e+03	3.597316792664035193e-27
9.347110552763819214e+03	7.350204526914417032e-27
9.422482412060300703e+03	7.340894002323932196e-27
9.497854271356784011e+03	3.032942049554454838e-27
9.573226130653265500e+03	6.987285983408648440e-28
9.648597989949748808e+03	2.405884913497824441e-27
9.723969849246232116e+03	9.004886945379148518e-27
9.799341708542713604e+03	2.364397196538214989e-27
9.874713567839196912e+03	3.983655996044252186e-27
9.950085427135678401e+03	2.996106816609199320e-27
1.002545728643216171e+04	1.967346443881517167e-27
1.010082914572864320e+04	2.205238523280879352e-27
1.017620100502512651e+04	3.910280326542980430e-27
1.025157286432160799e+04	1.087446661104605283e-27
1.032694472361809130e+04	6.125814728303003543e-28
1.040231658291457279e+04	2.293713151777443609e-27
1.047768844221105610e+04	3.458745560574165238e-27
1.055306030150753759e+04	1.603237062812189946e-27
1.062843216080402090e+04	1.852614922928015047e-27
1.070380402010050238e+04	2.590081009375258594e-27
1.077917587939698569e+04	1.734191113119027623e-27
1.085454773869346718e+04	8.332137736466684995e-28
1.092991959798995049e+04	1.548131032309831867e-27
1.100529145728643198e+04	1.268718457039871185e-27
1.108066331658291529e+04	1.019678775130870712e-27
1.115603517587939677e+04	3.067687978844949707e-27
1.123140703517588008e+04	2.934625337227982433e-27
1.130677889447236157e+04	1.726965164105042851e-27
1.138215075376884488e+04	3.712914954398955749e-28
1.145752261306532637e+04	1.068165122825572533e-27
1.153289447236180968e+04	1.576078938495530182e-27
1.160826633165829116e+04	6.437598053855946375e-28
1.168363819095477447e+04	5.296983747493934209e-28
1.175901005025125596e+04	6.037954233147660475e-28
1.183438190954773927e+04	6.027736163830493702e-28
1.190975376884422076e+04	2.479624395200369479e-28
1.198512562814070407e+04	1.021109250122515650e-27
1.206049748743718555e+04	8.161146989635829772e-28
1.213586934673366886e+04	4.267760713163338991e-28
1.221124120603015035e+04	2.077439613002407726e-28
1.228661306532663366e+04	1.651545571168630851e-28
1.236198492462311515e+04	1.571920636664761266e-28
1.243735678391959846e+04	4.244346969379214521e-28
1.251272864321607994e+04	4.992566728627138523e-28
1.258810050251256325e+04	2.020696635549034697e-28
1.266347236180904474e+04	2.322789060774388494e-28
1.273884422110552805e+04	3.687963770406979432e-28
1.281421608040200954e+04	5.657611456697918926e-28
1.288958793969849285e+04	2.548092371767578779e-28
1.296495979899497434e+04	1.903335366747204122e-28
1.304033165829145764e+04	3.633730350412001895e-28
1.311570351758793913e+04	3.211593926636171862e-28
1.319107537688442244e+04	4.846774772969126551e-28
1.326644723618090393e+04	1.625229274021384016e-28
1.334181909547738724e+04	2.698716427719263905e-28
1.341719095477386873e+04	4.478758852815607463e-28
1.349256281407035203e+04	1.496789180762992278e-28
1.356793467336683352e+04	3.095169656862254570e-28
1.364330653266331683e+04	4.719518740731395452e-28
1.371867839195979832e+04	1.267123676612854498e-28
1.379405025125628163e+04	1.442247184408761804e-28
1.386942211055276312e+04	2.472819344495582305e-28
1.394479396984924642e+04	1.697949117411657488e-28
1.402016582914572791e+04	2.465016216642780968e-28
1.409553768844221122e+04	1.020978335821440709e-28
1.417090954773869271e+04	1.209816245719930292e-28
1.424628140703517602e+04	1.287539631989006176e-28
1.432165326633165751e+04	2.603814708546571577e-28
1.439702512562814081e+04	2.086718582186991939e-28
1.447239698492462412e+04	1.712715468474876771e-28
1.454776884422110561e+04	9.468548475520464492e-29
1.462314070351758892e+04	1.361772520708708964e-28
1.469851256281407041e+04	2.313918868759112984e-28
1.477388442211055371e+04	1.661049312050926550e-28
1.484925628140703520e+04	1.305123196705081533e-28
1.492462814070351851e+04	1.827670290137574929e-28
1.500000000000000000e+04	2.733665550378115835e-28
