# Chain:	[4870.0, 4218.4, 3157.51, 2841.2, 2640.63, 2265.8, 1738.19, 1102.73, 9.4057]
# Electron_projectile_energy, keV	cross_section, cm^2
1.000000000000000000e+00	0.000000000000000000e+00
7.637185929648241256e+01	6.533084359721818028e-30
1.517437185929648251e+02	2.305010988270455435e-31
2.271155778894472519e+02	3.425684274594931211e-32
3.024874371859296502e+02	8.983542500732240761e-33
3.778592964824120486e+02	3.204481116018477540e-33
4.532311557788945038e+02	1.384770377054070102e-33
5.286030150753769021e+02	6.830545391911516276e-34
6.039748743718593005e+02	3.706019501898888709e-34
6.793467336683416988e+02	2.162896788953832192e-34
7.547185929648240972e+02	1.337465680012438777e-34
8.300904522613064955e+02	1.459243516988339630e-14
9.054623115577890076e+02	9.468280972212755895e-18
9.808341708542714059e+02	4.602650565746995222e-17
1.056206030150753804e+03	5.119505715395947205e-17
1.131577889447236203e+03	2.861487753910199200e-14
1.206949748743718601e+03	2.311902998232730245e-17
1.282321608040200999e+03	3.192354960860420737e-17
1.357693467336683398e+03	1.592108015323181941e-17
1.433065326633165796e+03	1.290768948217264442e-16
1.508437185929648194e+03	6.858747347088661259e-16
1.583809045226130593e+03	4.666497715838267291e-18
1.659180904522612991e+03	9.898985650712422918e-20
1.734552763819095389e+03	4.977716043222760315e-14
1.809924623115578015e+03	4.282218892023953403e-15
1.885296482412060413e+03	6.526395493876792755e-14
1.960668341708542812e+03	6.730681012233697875e-17
2.036040201005025210e+03	1.784553882796967582e-19
2.111412060301507609e+03	6.953324036347412206e-17
2.186783919597990007e+03	1.324814263382015152e-18
2.262155778894472405e+03	7.467919369097963927e-19
2.337527638190954804e+03	6.180264556846470760e-20
2.412899497487437202e+03	3.799811012230002290e-20
2.488271356783919600e+03	1.121392018343243495e-18
2.563643216080401999e+03	4.643270511795089402e-18
2.639015075376884397e+03	1.779207183750295219e-16
2.714386934673366795e+03	5.509148828940208680e-19
2.789758793969849194e+03	3.370550556836965631e-20
2.865130653266331592e+03	1.542771701026702559e-19
2.940502512562813990e+03	1.840728345399312481e-21
3.015874371859296389e+03	4.051929321622084280e-22
3.091246231155778787e+03	1.833675470360692067e-22
3.166618090452261185e+03	1.140752971723289802e-22
3.241989949748743584e+03	5.419900137400473745e-23
3.317361809045225982e+03	5.202769431721889796e-23
3.392733668341708380e+03	4.368644569116180952e-23
3.468105527638190779e+03	8.258618420661751956e-23
3.543477386934673177e+03	1.892081621488052245e-22
3.618849246231156030e+03	8.733023772963492634e-22
3.694221105527638429e+03	6.097369787468822661e-20
3.769592964824120827e+03	4.229024263918283431e-21
3.844964824120603225e+03	1.401399302576614551e-21
3.920336683417085624e+03	1.302547170221892822e-21
3.995708542713568022e+03	7.566485744477482576e-22
4.071080402010050420e+03	2.364109724822028182e-21
4.146452261306532819e+03	6.668789041026542048e-19
4.221824120603015217e+03	4.998105486017027252e-21
4.297195979899497615e+03	1.298019126357788556e-21
4.372567839195980014e+03	1.069816300862974192e-21
4.447939698492462412e+03	2.639034056751423430e-21
4.523311557788944810e+03	8.545038920583430623e-20
4.598683417085427209e+03	3.756000169360570719e-20
4.674055276381909607e+03	7.417976347881907663e-21
4.749427135678392006e+03	3.925396276145499144e-21
4.824798994974874404e+03	2.170347456584612734e-21
4.900170854271356802e+03	4.248937285073699250e-21
4.975542713567839201e+03	2.583510271252224251e-20
5.050914572864321599e+03	4.455039338639120213e-19
5.126286432160803997e+03	4.539215676173517821e-19
5.201658291457286396e+03	6.888186092416628195e-21
5.277030150753768794e+03	1.891863581768579697e-21
5.352402010050251192e+03	9.096156095302268065e-22
5.427773869346733591e+03	6.605707898733930155e-22
5.503145728643215989e+03	4.420686725384178032e-22
5.578517587939698387e+03	6.373401689292663144e-22
5.653889447236180786e+03	2.196836473654945239e-21
5.729261306532663184e+03	3.603551231253766845e-20
5.804633165829145582e+03	7.685279979031339734e-21
5.880005025125627981e+03	2.158336980348916023e-21
5.955376884422110379e+03	1.722317445518256030e-22
6.030748743718592777e+03	4.801203421612564837e-23
6.106120603015075176e+03	1.907938503144177170e-23
6.181492462311557574e+03	8.140051921755704763e-24
6.256864321608039972e+03	3.637507790810792159e-24
6.332236180904522371e+03	3.241818680928667297e-24
6.407608040201004769e+03	1.803283531181043365e-24
6.482979899497487168e+03	1.517304444500170378e-24
6.558351758793969566e+03	8.926785493207909161e-25
6.633723618090451964e+03	6.015435824816575896e-25
6.709095477386934363e+03	4.562057205485047408e-25
6.784467336683416761e+03	5.960312533500189137e-25
6.859839195979899159e+03	4.400143554088997169e-25
6.935211055276381558e+03	3.753804902805224061e-25
7.010582914572863956e+03	1.401551773480581457e-25
7.085954773869346354e+03	3.048183049518140524e-25
7.161326633165828753e+03	2.891957978462359479e-25
7.236698492462312061e+03	9.947763744987854461e-26
7.312070351758794459e+03	1.807449661858353701e-25
7.387442211055276857e+03	8.018852563417057166e-26
7.462814070351759256e+03	2.517916078773191788e-25
7.538185929648241654e+03	1.351759498740635216e-25
7.613557788944724052e+03	1.342259443102953507e-25
7.688929648241206451e+03	4.631760605972228778e-26
7.764301507537688849e+03	6.401626018909883510e-26
7.839673366834171247e+03	8.721448534418684603e-26
7.915045226130653646e+03	2.728419155640378904e-26
7.990417085427136044e+03	3.319956448789335057e-26
8.065788944723618442e+03	4.206002051066173290e-26
8.141160804020100841e+03	2.639644529110327120e-26
8.216532663316582330e+03	1.576056957854282610e-26
8.291904522613065637e+03	4.620279506430079035e-26
8.367276381909547126e+03	3.187460090482047967e-26
8.442648241206030434e+03	6.079258689783696109e-26
8.518020100502511923e+03	1.531816431066835687e-26
8.593391959798995231e+03	1.108528156346700917e-26
8.668763819095476720e+03	2.986115737145152538e-26
8.744135678391960028e+03	1.355963495588927772e-26
8.819507537688441516e+03	1.160448215305276083e-26
8.894879396984924824e+03	1.644209191900764488e-26
8.970251256281406313e+03	2.596123834937614313e-26
9.045623115577889621e+03	2.180083281547816004e-26
9.120994974874371110e+03	2.141213857071836922e-26
9.196366834170854418e+03	9.821795470139274044e-27
9.271738693467335906e+03	1.614485921278934134e-26
9.347110552763819214e+03	1.718565951343900465e-26
9.422482412060300703e+03	1.408806094914181571e-26
9.497854271356784011e+03	6.449377591277692289e-27
9.573226130653265500e+03	3.008614975291596499e-27
9.648597989949748808e+03	8.727625875713354166e-27
9.723969849246232116e+03	1.768547107568588183e-26
9.799341708542713604e+03	8.082361352232222389e-27
9.874713567839196912e+03	6.452857740366566039e-27
9.950085427135678401e+03	5.982859293280114558e-27
1.002545728643216171e+04	5.600320755063835881e-27
1.010082914572864320e+04	7.037242439372738862e-27
1.017620100502512651e+04	6.674042769873118500e-27
1.025157286432160799e+04	3.284276077869006066e-27
1.032694472361809130e+04	1.393899768144206233e-27
1.040231658291457279e+04	5.850410028054110815e-27
1.047768844221105610e+04	6.702642885972880420e-27
1.055306030150753759e+04	3.657971121749283702e-27
1.062843216080402090e+04	3.925277714287818518e-27
1.070380402010050238e+04	6.783171591248336731e-27
1.077917587939698569e+04	3.791414664219185329e-27
1.085454773869346718e+04	4.243806906257886649e-27
1.092991959798995049e+04	2.537595162060610405e-27
1.100529145728643198e+04	2.615292687293764271e-27
1.108066331658291529e+04	1.806652095667021064e-27
1.115603517587939677e+04	6.378532955628009270e-27
1.123140703517588008e+04	4.595052969896343397e-27
1.130677889447236157e+04	3.095301464594767907e-27
1.138215075376884488e+04	1.223047700019858260e-27
1.145752261306532637e+04	3.157849924454683766e-27
1.153289447236180968e+04	2.829415844914928052e-27
1.160826633165829116e+04	1.432400461602298926e-27
1.168363819095477447e+04	1.669191547935454975e-27
1.175901005025125596e+04	1.525532053891304650e-27
1.183438190954773927e+04	1.539133966698290954e-27
1.190975376884422076e+04	1.577906431652796571e-27
1.198512562814070407e+04	2.069851543091724126e-27
1.206049748743718555e+04	1.998733322643162458e-27
1.213586934673366886e+04	1.459311195222707181e-27
1.221124120603015035e+04	1.417448247894295553e-27
1.228661306532663366e+04	6.997883225967833921e-28
1.236198492462311515e+04	7.018239244525991819e-28
1.243735678391959846e+04	1.046356082710444287e-27
1.251272864321607994e+04	1.942891685194254768e-27
1.258810050251256325e+04	7.224749523156216311e-28
1.266347236180904474e+04	7.691335064767708738e-28
1.273884422110552805e+04	8.529467251715091646e-28
1.281421608040200954e+04	1.303759625424243950e-27
1.288958793969849285e+04	8.498491777555069646e-28
1.296495979899497434e+04	7.806259690757863883e-28
1.304033165829145764e+04	9.507454295981854155e-28
1.311570351758793913e+04	1.140364115363587968e-27
1.319107537688442244e+04	1.027799044240686815e-27
1.326644723618090393e+04	6.666230112391853357e-28
1.334181909547738724e+04	6.840003674550693629e-28
1.341719095477386873e+04	1.034740595073489467e-27
1.349256281407035203e+04	6.374164518179500559e-28
1.356793467336683352e+04	7.077087068211789979e-28
1.364330653266331683e+04	1.059742985169645265e-27
1.371867839195979832e+04	4.942208679963260917e-28
1.379405025125628163e+04	6.480324966939928068e-28
1.386942211055276312e+04	5.787092045320339301e-28
1.394479396984924642e+04	6.311878467253446228e-28
1.402016582914572791e+04	7.831821270961112857e-28
1.409553768844221122e+04	4.889543653210325110e-28
1.417090954773869271e+04	4.543651235953394776e-28
1.424628140703517602e+04	4.561481591846110842e-28
1.432165326633165751e+04	5.873860777656713243e-28
1.439702512562814081e+04	6.107774856428364691e-28
1.447239698492462412e+04	4.466541609723181487e-28
1.454776884422110561e+04	3.649023385862094892e-28
1.462314070351758892e+04	4.717694073834730442e-28
1.469851256281407041e+04	5.717428490383506876e-28
1.477388442211055371e+04	4.551966315190423052e-28
1.484925628140703520e+04	5.881037408181943636e-28
1.492462814070351851e+04	5.008038789340075340e-28
1.500000000000000000e+04	5.827956605283906144e-28
