# Chain:	[5641.2, 4870.0, 4218.4, 3603.06, 3157.51, 2841.2, 2640.63, 2510.15, 2338.06, 1170.4, 9.4057]
# Electron_projectile_energy, keV	cross_section, cm^2
1.000000000000000000e+00	0.000000000000000000e+00
7.637185929648241256e+01	1.436961156362243795e-30
1.517437185929648251e+02	5.069904309752137670e-32
2.271155778894472519e+02	7.534841072775451911e-33
3.024874371859296502e+02	1.975942894549005373e-33
3.778592964824120486e+02	7.048301593048702438e-34
4.532311557788945038e+02	3.045822053937975571e-34
5.286030150753769021e+02	1.502388131624234204e-34
6.039748743718593005e+02	8.151442375032201978e-35
6.793467336683416988e+02	4.757322115888954084e-35
7.547185929648240972e+02	2.941774702917388464e-35
8.300904522613064955e+02	1.906689943598196855e-35
9.054623115577890076e+02	1.279379601015597550e-35
9.808341708542714059e+02	8.903263992529182393e-36
1.056206030150753804e+03	9.683366529503523245e-18
1.131577889447236203e+03	4.653224088706857750e-15
1.206949748743718601e+03	3.758884179164686906e-18
1.282321608040200999e+03	5.239116149745525188e-18
1.357693467336683398e+03	3.015870375847105543e-18
1.433065326633165796e+03	1.253518880278702638e-17
1.508437185929648194e+03	1.114998685903441536e-16
1.583809045226130593e+03	3.738934878979720756e-18
1.659180904522612991e+03	4.721903028125548441e-20
1.734552763819095389e+03	6.884016020965026281e-15
1.809924623115578015e+03	1.083558435924872640e-15
1.885296482412060413e+03	1.604346788960396889e-14
1.960668341708542812e+03	1.300597559991811025e-17
2.036040201005025210e+03	3.652257136797834446e-20
2.111412060301507609e+03	1.020901569960994714e-17
2.186783919597990007e+03	9.788052737768744301e-19
2.262155778894472405e+03	6.759953165957056163e-19
2.337527638190954804e+03	1.347939797211119570e-20
2.412899497487437202e+03	6.877568960598765418e-21
2.488271356783919600e+03	2.070208638198800184e-19
2.563643216080401999e+03	1.104114505588330531e-18
2.639015075376884397e+03	4.371137808031972954e-17
2.714386934673366795e+03	1.184505378768315609e-19
2.789758793969849194e+03	5.965624975984740876e-21
2.865130653266331592e+03	2.518571875975090757e-20
2.940502512562813990e+03	3.256118109791925660e-22
3.015874371859296389e+03	7.869847945171820998e-23
3.091246231155778787e+03	4.672970342643103266e-23
3.166618090452261185e+03	3.575443624942959406e-23
3.241989949748743584e+03	2.368865506831614189e-23
3.317361809045225982e+03	2.899193656342695845e-23
3.392733668341708380e+03	2.462620791081564575e-23
3.468105527638190779e+03	6.671804418568695065e-23
3.543477386934673177e+03	1.676477436299294351e-22
3.618849246231156030e+03	8.638758714949824061e-22
3.694221105527638429e+03	6.096044401050577322e-20
3.769592964824120827e+03	4.202561978336205894e-21
3.844964824120603225e+03	1.379372086984432234e-21
3.920336683417085624e+03	1.283259681601353391e-21
3.995708542713568022e+03	7.410581893328919012e-22
4.071080402010050420e+03	2.349080906812466066e-21
4.146452261306532819e+03	6.668510071081498548e-19
4.221824120603015217e+03	4.961239967568025830e-21
4.297195979899497615e+03	1.204715637031938847e-21
4.372567839195980014e+03	6.821001101311038041e-22
4.447939698492462412e+03	6.592465493341582790e-22
4.523311557788944810e+03	1.291279369098432453e-20
4.598683417085427209e+03	9.653131458705938476e-21
4.674055276381909607e+03	5.418336583898625766e-21
4.749427135678392006e+03	2.494003300586255876e-21
4.824798994974874404e+03	4.876582736348554564e-22
4.900170854271356802e+03	7.352099281854721864e-22
4.975542713567839201e+03	3.834658729082624758e-21
5.050914572864321599e+03	6.406547952056618264e-20
5.126286432160803997e+03	1.109998279712508832e-19
5.201658291457286396e+03	1.557819599817362159e-21
5.277030150753768794e+03	4.010380082171097192e-22
5.352402010050251192e+03	1.862799416186785676e-22
5.427773869346733591e+03	1.312869967567081832e-22
5.503145728643215989e+03	8.961231393565030430e-23
5.578517587939698387e+03	1.218715702662394658e-22
5.653889447236180786e+03	3.526834731336979130e-22
5.729261306532663184e+03	4.986609864456231803e-21
5.804633165829145582e+03	1.774940061159322312e-21
5.880005025125627981e+03	5.192973836369286601e-22
5.955376884422110379e+03	3.935172264629157131e-23
6.030748743718592777e+03	1.046225583727415274e-23
6.106120603015075176e+03	4.159036171142021856e-24
6.181492462311557574e+03	1.801860240464800412e-24
6.256864321608039972e+03	8.111715140497184065e-25
6.332236180904522371e+03	6.840754160403339853e-25
6.407608040201004769e+03	4.021683875076154421e-25
6.482979899497487168e+03	3.191308673383729555e-25
6.558351758793969566e+03	2.258841430651500778e-25
6.633723618090451964e+03	1.442003120398313244e-25
6.709095477386934363e+03	1.265908315037289128e-25
6.784467336683416761e+03	1.163097844862218058e-25
6.859839195979899159e+03	9.755192143875597592e-26
6.935211055276381558e+03	6.809754360995628768e-26
7.010582914572863956e+03	3.631792931913974843e-26
7.085954773869346354e+03	6.015410699280693224e-26
7.161326633165828753e+03	6.677286107378729070e-26
7.236698492462312061e+03	3.098677708972566196e-26
7.312070351758794459e+03	4.986227432537652957e-26
7.387442211055276857e+03	2.979451285708083942e-26
7.462814070351759256e+03	6.009424371761748244e-26
7.538185929648241654e+03	3.012073442274811257e-26
7.613557788944724052e+03	2.987988442261481857e-26
7.688929648241206451e+03	1.334508082400647566e-26
7.764301507537688849e+03	1.432093289532760831e-26
7.839673366834171247e+03	1.754430949233345343e-26
7.915045226130653646e+03	1.126976860538366517e-26
7.990417085427136044e+03	7.286769594315038522e-27
8.065788944723618442e+03	1.133528965816937688e-26
8.141160804020100841e+03	5.662998776560726202e-27
8.216532663316582330e+03	7.317831103138083640e-27
8.291904522613065637e+03	9.965171783665700320e-27
8.367276381909547126e+03	6.961931553116435459e-27
8.442648241206030434e+03	1.060698190328401500e-26
8.518020100502511923e+03	3.311980863807719037e-27
8.593391959798995231e+03	5.260770012976471374e-27
8.668763819095476720e+03	7.955234527631435272e-27
8.744135678391960028e+03	3.230454879962551729e-27
8.819507537688441516e+03	1.917366488835325823e-27
8.894879396984924824e+03	5.518336054732860286e-27
8.970251256281406313e+03	7.761663030411641313e-27
9.045623115577889621e+03	5.225176485360257531e-27
9.120994974874371110e+03	4.981363985421546764e-27
9.196366834170854418e+03	2.272118701574699245e-27
9.271738693467335906e+03	2.915824705215034937e-27
9.347110552763819214e+03	3.592349858754652367e-27
9.422482412060300703e+03	3.725150690424738731e-27
9.497854271356784011e+03	1.295868901176224002e-27
9.573226130653265500e+03	6.107970341281916008e-28
9.648597989949748808e+03	1.810103775957110016e-27
9.723969849246232116e+03	4.106556554292099583e-27
9.799341708542713604e+03	1.317468630713756145e-27
9.874713567839196912e+03	2.082693152578471015e-27
9.950085427135678401e+03	1.835175850735470711e-27
1.002545728643216171e+04	1.223088878567601521e-27
1.010082914572864320e+04	1.196156612168815814e-27
1.017620100502512651e+04	1.612595108771701223e-27
1.025157286432160799e+04	6.159029504541163738e-28
1.032694472361809130e+04	3.571502297615725990e-28
1.040231658291457279e+04	1.133347041696322234e-27
1.047768844221105610e+04	1.860403522146421631e-27
1.055306030150753759e+04	9.462675369177081859e-28
1.062843216080402090e+04	1.717756195352430070e-27
1.070380402010050238e+04	1.271073110707884031e-27
1.077917587939698569e+04	1.197166905893866961e-27
1.085454773869346718e+04	7.115836889466915485e-28
1.092991959798995049e+04	1.408103990354368939e-27
1.100529145728643198e+04	5.685855941226879949e-28
1.108066331658291529e+04	9.400067289038002252e-28
1.115603517587939677e+04	1.269075381324681742e-27
1.123140703517588008e+04	1.035205600336603781e-27
1.130677889447236157e+04	7.997060695663816468e-28
1.138215075376884488e+04	2.142859919897749819e-28
1.145752261306532637e+04	5.660702405077686154e-28
1.153289447236180968e+04	8.468451090655943913e-28
1.160826633165829116e+04	3.471566966588585576e-28
1.168363819095477447e+04	3.232909263398479709e-28
1.175901005025125596e+04	3.059366445040981064e-28
1.183438190954773927e+04	3.875115094539610920e-28
1.190975376884422076e+04	2.316824534964196100e-28
1.198512562814070407e+04	6.020500776049268727e-28
1.206049748743718555e+04	4.630889099355365994e-28
1.213586934673366886e+04	2.550524519877337628e-28
1.221124120603015035e+04	1.999837310573568621e-28
1.228661306532663366e+04	1.316253166445500527e-28
1.236198492462311515e+04	1.102994520097037144e-28
1.243735678391959846e+04	2.599142932936948693e-28
1.251272864321607994e+04	3.333539439585421375e-28
1.258810050251256325e+04	1.186020895321237815e-28
1.266347236180904474e+04	1.977756811071476889e-28
1.273884422110552805e+04	2.427283270914876148e-28
1.281421608040200954e+04	2.683667225319493293e-28
1.288958793969849285e+04	1.747701870789427821e-28
1.296495979899497434e+04	1.847211675658728664e-28
1.304033165829145764e+04	2.450793829799780849e-28
1.311570351758793913e+04	2.187342267094115766e-28
1.319107537688442244e+04	2.428478914089466424e-28
1.326644723618090393e+04	1.401480255667401763e-28
1.334181909547738724e+04	2.164543256393273789e-28
1.341719095477386873e+04	2.857397274595758057e-28
1.349256281407035203e+04	1.210325767311438977e-28
1.356793467336683352e+04	1.892384174221606304e-28
1.364330653266331683e+04	2.622542581283799583e-28
1.371867839195979832e+04	8.939944757011388926e-29
1.379405025125628163e+04	1.207936692169252004e-28
1.386942211055276312e+04	1.773899899150730508e-28
1.394479396984924642e+04	1.681383443544230572e-28
1.402016582914572791e+04	1.755889253115971570e-28
1.409553768844221122e+04	7.087569916446633416e-29
1.417090954773869271e+04	1.204184261583345676e-28
1.424628140703517602e+04	1.042440528038076637e-28
1.432165326633165751e+04	1.897730056711775516e-28
1.439702512562814081e+04	1.478903108243443632e-28
1.447239698492462412e+04	1.600360391662810108e-28
1.454776884422110561e+04	9.459587454715889893e-29
1.462314070351758892e+04	1.271798437268439630e-28
1.469851256281407041e+04	1.642777198303254180e-28
1.477388442211055371e+04	1.244980347418129342e-28
1.484925628140703520e+04	1.086361323937681203e-28
1.492462814070351851e+04	1.181409892005954642e-28
1.500000000000000000e+04	2.037172022567037061e-28
