# Chain:	[5641.2, 4870.0, 4218.4, 3157.51, 2841.2, 2640.63, 2510.15, 2338.06, 1102.73, 9.4057]
# Electron_projectile_energy, keV	cross_section, cm^2
1.000000000000000000e+00	0.000000000000000000e+00
7.637185929648241256e+01	1.436961156362243795e-30
1.517437185929648251e+02	5.069904309752137670e-32
2.271155778894472519e+02	7.534841072775451911e-33
3.024874371859296502e+02	1.975942894549005373e-33
3.778592964824120486e+02	7.048301593048702438e-34
4.532311557788945038e+02	3.045822053937975571e-34
5.286030150753769021e+02	1.502388131624234204e-34
6.039748743718593005e+02	8.151442375032201978e-35
6.793467336683416988e+02	4.757322115888954084e-35
7.547185929648240972e+02	2.941774702917388464e-35
8.300904522613064955e+02	1.906689943598196855e-35
9.054623115577890076e+02	1.279379601015597550e-35
9.808341708542714059e+02	8.903263992529182393e-36
1.056206030150753804e+03	9.683366529503523245e-18
1.131577889447236203e+03	4.341232976943681481e-15
1.206949748743718601e+03	3.506875485611990427e-18
1.282321608040200999e+03	4.910780311532795456e-18
1.357693467336683398e+03	3.015286104613244685e-18
1.433065326633165796e+03	1.169478233911276020e-17
1.508437185929648194e+03	1.040238312352154772e-16
1.583809045226130593e+03	3.738772812411840919e-18
1.659180904522612991e+03	4.719898010940901025e-20
1.734552763819095389e+03	6.884016018661079121e-15
1.809924623115578015e+03	1.083558430908637292e-15
1.885296482412060413e+03	1.604346788697552222e-14
1.960668341708542812e+03	1.300596957341905665e-17
2.036040201005025210e+03	3.651553828169186460e-20
2.111412060301507609e+03	1.020900674006046615e-17
2.186783919597990007e+03	9.787731495894805939e-19
2.262155778894472405e+03	6.756620562053044627e-19
2.337527638190954804e+03	1.295629989593355695e-20
2.412899497487437202e+03	6.575261476441299221e-21
2.488271356783919600e+03	2.045238518019050286e-19
2.563643216080401999e+03	1.101773902038013420e-18
2.639015075376884397e+03	4.371121939514450778e-17
2.714386934673366795e+03	1.183844968972613199e-19
2.789758793969849194e+03	5.678917159452296053e-21
2.865130653266331592e+03	2.352235939585297610e-20
2.940502512562813990e+03	3.097976748295610398e-22
3.015874371859296389e+03	7.616257945102690131e-23
3.091246231155778787e+03	4.594637172596306980e-23
3.166618090452261185e+03	3.543059878473721673e-23
3.241989949748743584e+03	2.346609140843443775e-23
3.317361809045225982e+03	2.885604996742465838e-23
3.392733668341708380e+03	2.455771258978511952e-23
3.468105527638190779e+03	6.665580253406019762e-23
3.543477386934673177e+03	1.675959966345204746e-22
3.618849246231156030e+03	8.638380150985225302e-22
3.694221105527638429e+03	6.096040810330471565e-20
3.769592964824120827e+03	4.202542814527454666e-21
3.844964824120603225e+03	1.379356896853523708e-21
3.920336683417085624e+03	1.283250535998478790e-21
3.995708542713568022e+03	7.410525445053171410e-22
4.071080402010050420e+03	2.349077954650370892e-21
4.146452261306532819e+03	6.668510024237794957e-19
4.221824120603015217e+03	4.961236643493857959e-21
4.297195979899497615e+03	1.204713313556065788e-21
4.372567839195980014e+03	6.820985450587182939e-22
4.447939698492462412e+03	6.592426310012650387e-22
4.523311557788944810e+03	1.291279272091732166e-20
4.598683417085427209e+03	9.653128868102161758e-21
4.674055276381909607e+03	5.418335939255135923e-21
4.749427135678392006e+03	2.494003122204127489e-21
4.824798994974874404e+03	4.876559546541214140e-22
4.900170854271356802e+03	7.352093977765439508e-22
4.975542713567839201e+03	3.834657632384838056e-21
5.050914572864321599e+03	6.406547935154708832e-20
5.126286432160803997e+03	1.109998279451542677e-19
5.201658291457286396e+03	1.557819580381941688e-21
5.277030150753768794e+03	4.010377589157195601e-22
5.352402010050251192e+03	1.862795440794796487e-22
5.427773869346733591e+03	1.312867532427953413e-22
5.503145728643215989e+03	8.961175438671913021e-23
5.578517587939698387e+03	1.218714738555785642e-22
5.653889447236180786e+03	3.526831509072711012e-22
5.729261306532663184e+03	4.986609758978353332e-21
5.804633165829145582e+03	1.774939853670386724e-21
5.880005025125627981e+03	5.192972653660343903e-22
5.955376884422110379e+03	3.935159605913602232e-23
6.030748743718592777e+03	1.046223331264242746e-23
6.106120603015075176e+03	4.158974683979993530e-24
6.181492462311557574e+03	1.801641134831254029e-24
6.256864321608039972e+03	8.110062745761005990e-25
6.332236180904522371e+03	6.839563547212924357e-25
6.407608040201004769e+03	4.019559933664028728e-25
6.482979899497487168e+03	3.191118232838530734e-25
6.558351758793969566e+03	2.258061035219739821e-25
6.633723618090451964e+03	1.441341562529201136e-25
6.709095477386934363e+03	1.265372920861829938e-25
6.784467336683416761e+03	1.162601833321901601e-25
6.859839195979899159e+03	9.753355952742458217e-26
6.935211055276381558e+03	6.806832336495232828e-26
7.010582914572863956e+03	3.629647721216691699e-26
7.085954773869346354e+03	6.013478177023915635e-26
7.161326633165828753e+03	6.673165080200087266e-26
7.236698492462312061e+03	3.098236759680588710e-26
7.312070351758794459e+03	4.978636474011670122e-26
7.387442211055276857e+03	2.977278592938481225e-26
7.462814070351759256e+03	6.007015227713495402e-26
7.538185929648241654e+03	3.011317943051656843e-26
7.613557788944724052e+03	2.986563682340616329e-26
7.688929648241206451e+03	1.333529365568061088e-26
7.764301507537688849e+03	1.431568057221810551e-26
7.839673366834171247e+03	1.753430492306148576e-26
7.915045226130653646e+03	1.125427499455371972e-26
7.990417085427136044e+03	7.278641032176340129e-27
8.065788944723618442e+03	1.132229251513889440e-26
8.141160804020100841e+03	5.636804930226477935e-27
8.216532663316582330e+03	7.310646757048039774e-27
8.291904522613065637e+03	9.946188145734326165e-27
8.367276381909547126e+03	6.952656624596393880e-27
8.442648241206030434e+03	1.058852853985028818e-26
8.518020100502511923e+03	3.306762684670046657e-27
8.593391959798995231e+03	5.249380677700222793e-27
8.668763819095476720e+03	7.946516970917728621e-27
8.744135678391960028e+03	3.222752182569613749e-27
8.819507537688441516e+03	1.913662299073794319e-27
8.894879396984924824e+03	5.511935553245518206e-27
8.970251256281406313e+03	7.753198665563617968e-27
9.045623115577889621e+03	5.215636181070930271e-27
9.120994974874371110e+03	4.965949005109089294e-27
9.196366834170854418e+03	2.264343570742793924e-27
9.271738693467335906e+03	2.908779289003460430e-27
9.347110552763819214e+03	3.584804347895847918e-27
9.422482412060300703e+03	3.717929440849654095e-27
9.497854271356784011e+03	1.290635203449543628e-27
9.573226130653265500e+03	6.025771139507735762e-28
9.648597989949748808e+03	1.803952721507187230e-27
9.723969849246232116e+03	4.096630704455938556e-27
9.799341708542713604e+03	1.307339496823401148e-27
9.874713567839196912e+03	2.076441612015015680e-27
9.950085427135678401e+03	1.828493591537587639e-27
1.002545728643216171e+04	1.219979927118390208e-27
1.010082914572864320e+04	1.189249211358283187e-27
1.017620100502512651e+04	1.606605125415473757e-27
1.025157286432160799e+04	6.064228178968570815e-28
1.032694472361809130e+04	3.543132765686209773e-28
1.040231658291457279e+04	1.127472802660678373e-27
1.047768844221105610e+04	1.853546518020832701e-27
1.055306030150753759e+04	9.421223561556158575e-28
1.062843216080402090e+04	1.711022352931762327e-27
1.070380402010050238e+04	1.263393336485620262e-27
1.077917587939698569e+04	1.194275007033697693e-27
1.085454773869346718e+04	7.039583931965251176e-28
1.092991959798995049e+04	1.401413597451088976e-27
1.100529145728643198e+04	5.669450075132385206e-28
1.108066331658291529e+04	9.349275526625844284e-28
1.115603517587939677e+04	1.265918177978032361e-27
1.123140703517588008e+04	1.031535286698804221e-27
1.130677889447236157e+04	7.969152202156848455e-28
1.138215075376884488e+04	2.099447382315380178e-28
1.145752261306532637e+04	5.624662144589438580e-28
1.153289447236180968e+04	8.436560761112704303e-28
1.160826633165829116e+04	3.427790893087862221e-28
1.168363819095477447e+04	3.187804080015243416e-28
1.175901005025125596e+04	3.022114696258173265e-28
1.183438190954773927e+04	3.844023932194810683e-28
1.190975376884422076e+04	2.269118406029207494e-28
1.198512562814070407e+04	5.993145129581001121e-28
1.206049748743718555e+04	4.601216614066376635e-28
1.213586934673366886e+04	2.520193713552495292e-28
1.221124120603015035e+04	1.966045658804302737e-28
1.228661306532663366e+04	1.284870547659630632e-28
1.236198492462311515e+04	1.072507076276101396e-28
1.243735678391959846e+04	2.575720888447785353e-28
1.251272864321607994e+04	3.300452014277411134e-28
1.258810050251256325e+04	1.158568037412818746e-28
1.266347236180904474e+04	1.944481171359188286e-28
1.273884422110552805e+04	2.402254793471079056e-28
1.281421608040200954e+04	2.660795848275922719e-28
1.288958793969849285e+04	1.722945670004890083e-28
1.296495979899497434e+04	1.817769764883467384e-28
1.304033165829145764e+04	2.422037321358694578e-28
1.311570351758793913e+04	2.164874924739667315e-28
1.319107537688442244e+04	2.401271281713109858e-28
1.326644723618090393e+04	1.374112061132327697e-28
1.334181909547738724e+04	2.139536563003051822e-28
1.341719095477386873e+04	2.839071995543437118e-28
1.349256281407035203e+04	1.190615359663085279e-28
1.356793467336683352e+04	1.872109151746332175e-28
1.364330653266331683e+04	2.596384421912855952e-28
1.371867839195979832e+04	8.735311357483268737e-29
1.379405025125628163e+04	1.191935353307420741e-28
1.386942211055276312e+04	1.755628596235101150e-28
1.394479396984924642e+04	1.660202838626381132e-28
1.402016582914572791e+04	1.733091861539834780e-28
1.409553768844221122e+04	6.927263978525376201e-29
1.417090954773869271e+04	1.182017527481363905e-28
1.424628140703517602e+04	1.024371864226067805e-28
1.432165326633165751e+04	1.881431607383743484e-28
1.439702512562814081e+04	1.457336290118987424e-28
1.447239698492462412e+04	1.584913892696429077e-28
1.454776884422110561e+04	9.273168258770433548e-29
1.462314070351758892e+04	1.253140439896239681e-28
1.469851256281407041e+04	1.624422145997221802e-28
1.477388442211055371e+04	1.230354573264641154e-28
1.484925628140703520e+04	1.067064598937974953e-28
1.492462814070351851e+04	1.165792749962377665e-28
1.500000000000000000e+04	2.021896853146800155e-28
