# Chain:	[4629.8, 3603.06, 3157.51, 2841.2, 2640.63, 1721.43, 1011.8, 9.4057]
# Electron_projectile_energy, keV	cross_section, cm^2
1.000000000000000000e+00	0.000000000000000000e+00
7.637185929648241256e+01	1.436961156362243795e-30
1.517437185929648251e+02	5.069904309752137670e-32
2.271155778894472519e+02	7.534841072775451911e-33
3.024874371859296502e+02	1.975942894549005373e-33
3.778592964824120486e+02	7.048301593048702438e-34
4.532311557788945038e+02	3.045822053937975571e-34
5.286030150753769021e+02	1.502388131624234204e-34
6.039748743718593005e+02	8.151442375032201978e-35
6.793467336683416988e+02	4.757322115888954084e-35
7.547185929648240972e+02	2.941774702917388464e-35
8.300904522613064955e+02	1.906689943598196855e-35
9.054623115577890076e+02	1.279379601015597550e-35
9.808341708542714059e+02	8.903263992529182393e-36
1.056206030150753804e+03	7.911258016613479351e-18
1.131577889447236203e+03	8.159638500572582226e-20
1.206949748743718601e+03	2.898987497133613879e-22
1.282321608040200999e+03	2.795935495413929384e-19
1.357693467336683398e+03	2.456830487987054375e-18
1.433065326633165796e+03	9.213036117274425306e-22
1.508437185929648194e+03	9.823733467103729952e-23
1.583809045226130593e+03	3.736509964107529700e-18
1.659180904522612991e+03	4.691166359536769959e-20
1.734552763819095389e+03	6.841841849575580432e-16
1.809924623115578015e+03	4.375756794270739820e-17
1.885296482412060413e+03	9.776598983168564002e-20
1.960668341708542812e+03	4.558279707341811248e-19
2.036040201005025210e+03	2.473121303137649485e-20
2.111412060301507609e+03	9.580585561227699001e-19
2.186783919597990007e+03	8.833393174512925215e-19
2.262155778894472405e+03	6.684654254107432857e-19
2.337527638190954804e+03	4.940701791236953854e-21
2.412899497487437202e+03	1.462152764060172075e-21
2.488271356783919600e+03	1.372821264332654805e-19
2.563643216080401999e+03	2.709448651265184380e-21
2.639015075376884397e+03	3.345034974947160553e-21
2.714386934673366795e+03	2.129064574073326993e-21
2.789758793969849194e+03	2.912784817887949049e-23
2.865130653266331592e+03	1.816401709320032472e-23
2.940502512562813990e+03	1.053939565725982744e-23
3.015874371859296389e+03	5.476009103728069294e-24
3.091246231155778787e+03	1.881498900431770519e-23
3.166618090452261185e+03	1.461257150424935582e-23
3.241989949748743584e+03	1.731797063620294603e-23
3.317361809045225982e+03	2.455590982071591139e-23
3.392733668341708380e+03	2.098473931769621120e-23
3.468105527638190779e+03	6.410708697804247024e-23
3.543477386934673177e+03	1.621393561338276298e-22
3.618849246231156030e+03	8.622736802789149814e-22
3.694221105527638429e+03	6.095774219972517850e-20
3.769592964824120827e+03	4.196998323007000314e-21
3.844964824120603225e+03	1.374379771915966344e-21
3.920336683417085624e+03	1.279649624723488048e-21
3.995708542713568022e+03	7.374217075000623740e-22
4.071080402010050420e+03	2.345235297173908897e-21
4.146452261306532819e+03	6.668450048645388656e-19
4.221824120603015217e+03	4.953461898723685194e-21
4.297195979899497615e+03	1.185218622525366568e-21
4.372567839195980014e+03	6.165107043797893283e-22
4.447939698492462412e+03	3.464078672646558211e-22
4.523311557788944810e+03	1.371539917519765146e-21
4.598683417085427209e+03	8.608159248157321701e-22
4.674055276381909607e+03	4.905905923558235448e-21
4.749427135678392006e+03	2.169872672553152175e-21
4.824798994974874404e+03	1.522538778925526445e-22
4.900170854271356802e+03	7.289787860281655527e-23
4.975542713567839201e+03	3.323967530386956490e-22
5.050914572864321599e+03	5.816867566443975111e-21
5.126286432160803997e+03	7.870835916676722721e-23
5.201658291457286396e+03	1.848798538350868628e-23
5.277030150753768794e+03	9.381305920252513292e-24
5.352402010050251192e+03	5.183568034882565201e-24
5.427773869346733591e+03	4.886715482533314706e-24
5.503145728643215989e+03	2.861434900428167616e-24
5.578517587939698387e+03	4.867264160274548206e-24
5.653889447236180786e+03	2.413993898453184519e-23
5.729261306532663184e+03	4.952629883667318820e-22
5.804633165829145582e+03	1.475340314200607615e-23
5.880005025125627981e+03	1.664911690755361272e-24
5.955376884422110379e+03	5.148787259465748984e-25
6.030748743718592777e+03	2.506507907744079192e-25
6.106120603015075176e+03	1.862889906548415774e-25
6.181492462311557574e+03	8.052884123192771297e-26
6.256864321608039972e+03	5.849103738419832037e-26
6.332236180904522371e+03	3.909770288825852420e-26
6.407608040201004769e+03	4.835512240735452777e-26
6.482979899497487168e+03	1.889572897034521209e-26
6.558351758793969566e+03	5.698064925950918624e-26
6.633723618090451964e+03	3.400556717644061157e-26
6.709095477386934363e+03	5.227739313233237173e-26
6.784467336683416761e+03	2.550328473873237996e-26
6.859839195979899159e+03	1.458608500461309319e-26
6.935211055276381558e+03	1.029265263013948545e-26
7.010582914572863956e+03	1.008350709614110187e-26
7.085954773869346354e+03	3.300639063706593386e-27
7.161326633165828753e+03	1.691994251205890124e-26
7.236698492462312061e+03	1.329824153108763237e-26
7.312070351758794459e+03	1.931562028941588864e-26
7.387442211055276857e+03	1.655623287573077520e-26
7.462814070351759256e+03	1.567398367008772195e-26
7.538185929648241654e+03	2.045248706560133834e-27
7.613557788944724052e+03	8.187072225410110801e-27
7.688929648241206451e+03	4.437381950661475579e-27
7.764301507537688849e+03	2.938756494255551101e-27
7.839673366834171247e+03	1.073734825824810424e-27
7.915045226130653646e+03	7.003875188394890594e-27
7.990417085427136044e+03	2.244643238022110348e-27
8.065788944723618442e+03	3.047059419658733494e-27
8.141160804020100841e+03	1.231811278794236660e-27
8.216532663316582330e+03	5.659712727073841950e-27
8.291904522613065637e+03	5.984515253542951032e-28
8.367276381909547126e+03	2.461587016560697218e-28
8.442648241206030434e+03	1.277213584696258495e-27
8.518020100502511923e+03	6.431324165685016611e-28
8.593391959798995231e+03	4.110394381103238397e-27
8.668763819095476720e+03	3.085184300035987067e-27
8.744135678391960028e+03	2.656679197600457447e-28
8.819507537688441516e+03	1.547541333437646802e-28
8.894879396984924824e+03	2.667511952234858427e-27
8.970251256281406313e+03	3.970941960370068092e-27
9.045623115577889621e+03	1.346944370149364376e-27
9.120994974874371110e+03	1.500791610139951039e-27
9.196366834170854418e+03	3.146730790116092775e-28
9.271738693467335906e+03	8.770098035026957713e-28
9.347110552763819214e+03	6.478296443297837369e-28
9.422482412060300703e+03	1.293038220204651835e-27
9.497854271356784011e+03	1.315166440644437305e-28
9.573226130653265500e+03	2.861437939866745381e-28
9.648597989949748808e+03	6.889897910777333869e-28
9.723969849246232116e+03	8.373056628007172408e-28
9.799341708542713604e+03	9.269794053448907656e-29
9.874713567839196912e+03	9.690127110033650738e-28
9.950085427135678401e+03	9.682616428031424372e-28
1.002545728643216171e+04	4.445037429415502901e-28
1.010082914572864320e+04	1.206421332754387176e-28
1.017620100502512651e+04	2.856248342313183114e-28
1.025157286432160799e+04	1.217565701317349380e-28
1.032694472361809130e+04	1.772450755337789704e-28
1.040231658291457279e+04	1.690523044457676035e-28
1.047768844221105610e+04	7.606091323053249116e-28
1.055306030150753759e+04	4.135472837109055355e-28
1.062843216080402090e+04	1.387839058356543646e-27
1.070380402010050238e+04	1.394514996211572251e-28
1.077917587939698569e+04	7.202986603596786614e-28
1.085454773869346718e+04	1.914085690778422876e-28
1.092991959798995049e+04	1.226752395352294218e-27
1.100529145728643198e+04	1.194724376546756848e-28
1.108066331658291529e+04	8.197394871352029183e-28
1.115603517587939677e+04	7.037280366539274522e-29
1.123140703517588008e+04	3.062926409983277966e-29
1.130677889447236157e+04	2.478014166166322849e-28
1.138215075376884488e+04	4.658265545927726895e-29
1.145752261306532637e+04	8.092194390621987294e-29
1.153289447236180968e+04	3.892508689519400105e-28
1.160826633165829116e+04	1.307857505311520960e-28
1.168363819095477447e+04	9.327114940475708715e-29
1.175901005025125596e+04	6.897579940019763077e-29
1.183438190954773927e+04	1.858801557710612065e-28
1.190975376884422076e+04	4.710780315544328720e-29
1.198512562814070407e+04	2.953398543750811765e-28
1.206049748743718555e+04	1.654395125821584873e-28
1.213586934673366886e+04	5.095971384836161324e-29
1.221124120603015035e+04	4.526661024664747905e-29
1.228661306532663366e+04	5.769688009424439370e-29
1.236198492462311515e+04	2.811367904023472226e-29
1.243735678391959846e+04	1.193323076635245862e-28
1.251272864321607994e+04	7.175462263065046956e-29
1.258810050251256325e+04	2.424337501008084998e-29
1.266347236180904474e+04	1.201941107951073736e-28
1.273884422110552805e+04	1.348660711046241219e-28
1.281421608040200954e+04	5.361600584174083421e-29
1.288958793969849285e+04	7.196440626848547345e-29
1.296495979899497434e+04	1.098886872897265063e-28
1.304033165829145764e+04	1.243897469356218830e-28
1.311570351758793913e+04	7.317493760523436723e-29
1.319107537688442244e+04	7.360625148743887368e-29
1.326644723618090393e+04	7.000656352580912966e-29
1.334181909547738724e+04	1.458898544305312127e-28
1.341719095477386873e+04	1.484411270038661290e-28
1.349256281407035203e+04	4.992821249819574908e-29
1.356793467336683352e+04	9.228811113531989796e-29
1.364330653266331683e+04	9.938987180526558940e-29
1.371867839195979832e+04	3.352639935373302751e-29
1.379405025125628163e+04	5.068213332015696067e-29
1.386942211055276312e+04	1.118409364242211728e-28
1.394479396984924642e+04	1.104241069540626439e-28
1.402016582914572791e+04	7.699224776530371851e-29
1.409553768844221122e+04	1.218803237594659506e-29
1.417090954773869271e+04	8.108559227106419936e-29
1.424628140703517602e+04	5.656935394810893806e-29
1.432165326633165751e+04	1.237624764391188694e-28
1.439702512562814081e+04	7.171946122092939821e-29
1.447239698492462412e+04	1.250686324745610274e-28
1.454776884422110561e+04	6.316636355595835393e-29
1.462314070351758892e+04	8.174177681988319723e-29
1.469851256281407041e+04	9.403066610657879427e-29
1.477388442211055371e+04	7.371983196101397388e-29
1.484925628140703520e+04	4.062346705096404390e-29
1.492462814070351851e+04	5.239672853063247816e-29
1.500000000000000000e+04	1.371619367886637741e-28
