# Chain:	[1642.46, 1011.8, 9.4057]
# Electron_projectile_energy, keV	cross_section, cm^2
1.000000000000000000e+00	0.000000000000000000e+00
7.637185929648241256e+01	1.436961156362243795e-30
1.517437185929648251e+02	5.069904309752137670e-32
2.271155778894472519e+02	7.534841072775451911e-33
3.024874371859296502e+02	1.975942894549005373e-33
3.778592964824120486e+02	7.048301593048702438e-34
4.532311557788945038e+02	3.045822053937975571e-34
5.286030150753769021e+02	1.502388131624234204e-34
6.039748743718593005e+02	8.151442375032201978e-35
6.793467336683416988e+02	4.757322115888954084e-35
7.547185929648240972e+02	2.941774702917388464e-35
8.300904522613064955e+02	1.906689943598196855e-35
9.054623115577890076e+02	1.279379601015597550e-35
9.808341708542714059e+02	8.903263992529182393e-36
1.056206030150753804e+03	7.911258016613479351e-18
1.131577889447236203e+03	8.159638500572582226e-20
1.206949748743718601e+03	2.898987497133613879e-22
1.282321608040200999e+03	2.795935495413929384e-19
1.357693467336683398e+03	2.456830487987054375e-18
1.433065326633165796e+03	9.213036117274425306e-22
1.508437185929648194e+03	9.823733467103729952e-23
1.583809045226130593e+03	3.736509964107529700e-18
1.659180904522612991e+03	4.691166359536769959e-20
1.734552763819095389e+03	7.615388267653519042e-20
1.809924623115578015e+03	4.350786847350343193e-17
1.885296482412060413e+03	4.216214862466071090e-20
1.960668341708542812e+03	2.973904097429503032e-21
2.036040201005025210e+03	2.435598113351929502e-20
2.111412060301507609e+03	7.120181652190166220e-20
2.186783919597990007e+03	8.828161762811178848e-19
2.262155778894472405e+03	6.684271632870752332e-19
2.337527638190954804e+03	4.907159263048571892e-21
2.412899497487437202e+03	1.436345664253484775e-21
2.488271356783919600e+03	1.372732888971505484e-19
2.563643216080401999e+03	2.225229800298188261e-22
2.639015075376884397e+03	5.066547384461226053e-23
2.714386934673366795e+03	2.103228949229137437e-23
2.789758793969849194e+03	1.159227717139296185e-23
2.865130653266331592e+03	1.147691812104825074e-23
2.940502512562813990e+03	9.038384944867691606e-24
3.015874371859296389e+03	4.870333237507437549e-24
3.091246231155778787e+03	1.810763814606181370e-23
3.166618090452261185e+03	1.454821461363304259e-23
3.241989949748743584e+03	1.722454064537306645e-23
3.317361809045225982e+03	2.443510144197419041e-23
3.392733668341708380e+03	2.083215862098488774e-23
3.468105527638190779e+03	6.394579715722352718e-23
3.543477386934673177e+03	1.620589401717875696e-22
3.618849246231156030e+03	8.621862049882878537e-22
3.694221105527638429e+03	6.095764018145134285e-20
3.769592964824120827e+03	4.196753666824941821e-21
3.844964824120603225e+03	1.374203442994031964e-21
3.920336683417085624e+03	1.279424902072254043e-21
3.995708542713568022e+03	7.373033829880586036e-22
4.071080402010050420e+03	2.345146993922775378e-21
4.146452261306532819e+03	6.668447382372920578e-19
4.221824120603015217e+03	4.953093924429576100e-21
4.297195979899497615e+03	1.184262178352262148e-21
4.372567839195980014e+03	6.111666422042714362e-22
4.447939698492462412e+03	3.171695958230030168e-22
4.523311557788944810e+03	3.070767902191021343e-22
4.598683417085427209e+03	8.340598683406632550e-22
4.674055276381909607e+03	4.893649478392230106e-21
4.749427135678392006e+03	2.157345080350640375e-21
4.824798994974874404e+03	1.335154336111344122e-22
4.900170854271356802e+03	3.041708590624519063e-23
4.975542713567839201e+03	9.710220966245534226e-24
5.050914572864321599e+03	4.706451335973610041e-24
5.126286432160803997e+03	3.222431354267553773e-24
5.201658291457286396e+03	1.060032476379394414e-24
5.277030150753768794e+03	1.088662270591899526e-24
5.352402010050251192e+03	3.749047855964190183e-25
5.427773869346733591e+03	8.304900563446083438e-25
5.503145728643215989e+03	3.875888156434236289e-25
5.578517587939698387e+03	3.805424801526295497e-25
5.653889447236180786e+03	1.673171308560352295e-25
5.729261306532663184e+03	1.635370555854547353e-25
5.804633165829145582e+03	1.227134130954558470e-25
5.880005025125627981e+03	2.024564747936783556e-25
5.955376884422110379e+03	1.213354524821908054e-25
6.030748743718592777e+03	7.245687710631474443e-26
6.106120603015075176e+03	1.080650287947033431e-25
6.181492462311557574e+03	5.053311575077034318e-26
6.256864321608039972e+03	4.391266909626072387e-26
6.332236180904522371e+03	2.274123653246785272e-26
6.407608040201004769e+03	3.960927655006808985e-26
6.482979899497487168e+03	1.105969910400066891e-26
6.558351758793969566e+03	5.289830650903965933e-26
6.633723618090451964e+03	3.070700438914377021e-26
6.709095477386934363e+03	4.946561193290128051e-26
6.784467336683416761e+03	1.987612602527813284e-26
6.859839195979899159e+03	1.214030524366830628e-26
6.935211055276381558e+03	6.646462157361962850e-27
7.010582914572863956e+03	9.535807528774929679e-27
7.085954773869346354e+03	1.376749279055630461e-27
7.161326633165828753e+03	1.500315102436120865e-26
7.236698492462312061e+03	1.294340410901851381e-26
7.312070351758794459e+03	1.836263752275029099e-26
7.387442211055276857e+03	1.635610106760342109e-26
7.462814070351759256e+03	1.416905923840360598e-26
7.538185929648241654e+03	1.572200692214391262e-27
7.613557788944724052e+03	7.148917582121085624e-27
7.688929648241206451e+03	4.317006080808640818e-27
7.764301507537688849e+03	2.561126529814793635e-27
7.839673366834171247e+03	5.750256734677247206e-28
7.915045226130653646e+03	6.961953678136472929e-27
7.990417085427136044e+03	1.990308905669478428e-27
8.065788944723618442e+03	2.946271508019185976e-27
8.141160804020100841e+03	1.083379953456016951e-27
8.216532663316582330e+03	5.610536019729797002e-27
8.291904522613065637e+03	4.369041618036959081e-28
8.367276381909547126e+03	1.711557798735714375e-28
8.442648241206030434e+03	7.052295280709428467e-28
8.518020100502511923e+03	5.680825975027471917e-28
8.593391959798995231e+03	4.075121253546484754e-27
8.668763819095476720e+03	2.921277622442131204e-27
8.744135678391960028e+03	2.649608162511079805e-28
8.819507537688441516e+03	5.579860146589587615e-29
8.894879396984924824e+03	2.637734770627553847e-27
8.970251256281406313e+03	3.811456035148843784e-27
9.045623115577889621e+03	1.247599141141218604e-27
9.120994974874371110e+03	1.372815894895691822e-27
9.196366834170854418e+03	2.990835147261834280e-28
9.271738693467335906e+03	7.018203561980102167e-28
9.347110552763819214e+03	5.416555934825307180e-28
9.422482412060300703e+03	1.234275664837491982e-27
9.497854271356784011e+03	1.077433091340018550e-28
9.573226130653265500e+03	2.696089131339520931e-28
9.648597989949748808e+03	6.084961189749042160e-28
9.723969849246232116e+03	7.614026589588118987e-28
9.799341708542713604e+03	3.217372557616618134e-29
9.874713567839196912e+03	9.608908841493393157e-28
9.950085427135678401e+03	9.477372984297896581e-28
1.002545728643216171e+04	4.051954999970377174e-28
1.010082914572864320e+04	6.922731997460914544e-29
1.017620100502512651e+04	2.751915001071685722e-28
1.025157286432160799e+04	1.091076754651746478e-28
1.032694472361809130e+04	1.764106660432296339e-28
1.040231658291457279e+04	1.363795557046148603e-28
1.047768844221105610e+04	7.385198531816491936e-28
1.055306030150753759e+04	3.981733468835259685e-28
1.062843216080402090e+04	1.370550061972708542e-27
1.070380402010050238e+04	9.999510487602240499e-29
1.077917587939698569e+04	7.024878062866167955e-28
1.085454773869346718e+04	1.539732149544684130e-28
1.092991959798995049e+04	1.225746090829629448e-27
1.100529145728643198e+04	1.112747032249793820e-28
1.108066331658291529e+04	8.196279580468339845e-28
1.115603517587939677e+04	4.186882921648248166e-29
1.123140703517588008e+04	3.012450192713390228e-29
1.130677889447236157e+04	2.428027312905550669e-28
1.138215075376884488e+04	4.424031024772034022e-29
1.145752261306532637e+04	6.126000410620038529e-29
1.153289447236180968e+04	3.842351113215328419e-28
1.160826633165829116e+04	1.306400534475764501e-28
1.168363819095477447e+04	8.709109422652194100e-29
1.175901005025125596e+04	6.566654673813637421e-29
1.183438190954773927e+04	1.809062667886726261e-28
1.190975376884422076e+04	3.584257615009130959e-29
1.198512562814070407e+04	2.892482958264623261e-28
1.206049748743718555e+04	1.570990657539726624e-28
1.213586934673366886e+04	4.314760070862563983e-29
1.221124120603015035e+04	3.464809968274425044e-29
1.228661306532663366e+04	5.687075264840569399e-29
1.236198492462311515e+04	2.700728595347035224e-29
1.243735678391959846e+04	1.169640324289513313e-28
1.251272864321607994e+04	5.783864000912974016e-29
1.258810050251256325e+04	2.323746730663978425e-29
1.266347236180904474e+04	1.193473694417956160e-28
1.273884422110552805e+04	1.342797759070972030e-28
1.281421608040200954e+04	5.025640021415199576e-29
1.288958793969849285e+04	6.939983201104794279e-29
1.296495979899497434e+04	1.071047250172631318e-28
1.304033165829145764e+04	1.225974371540760368e-28
1.311570351758793913e+04	6.671845503094667006e-29
1.319107537688442244e+04	7.288050401828060553e-29
1.326644723618090393e+04	6.827640791626115811e-29
1.334181909547738724e+04	1.453406611955612005e-28
1.341719095477386873e+04	1.454543265191487288e-28
1.349256281407035203e+04	4.709031689285477540e-29
1.356793467336683352e+04	9.169676271244686259e-29
1.364330653266331683e+04	9.745423091187254324e-29
1.371867839195979832e+04	3.302826217107683644e-29
1.379405025125628163e+04	4.710516687854362562e-29
1.386942211055276312e+04	1.116676913765221362e-28
1.394479396984924642e+04	1.078420355402169292e-28
1.402016582914572791e+04	7.395984821355715904e-29
1.409553768844221122e+04	1.027216432182986224e-29
1.417090954773869271e+04	8.066102121184090243e-29
1.424628140703517602e+04	5.584762089274565819e-29
1.432165326633165751e+04	1.232431142156350264e-28
1.439702512562814081e+04	7.040765760499886267e-29
1.447239698492462412e+04	1.245581137153379435e-28
1.454776884422110561e+04	6.295876425700384897e-29
1.462314070351758892e+04	8.045866406301066563e-29
1.469851256281407041e+04	9.315895906522025634e-29
1.477388442211055371e+04	7.298362827450673955e-29
1.484925628140703520e+04	3.769376397662342891e-29
1.492462814070351851e+04	5.142539419914419650e-29
1.500000000000000000e+04	1.362985701108638722e-28
