# Chain:	[4629.8, 3603.06, 2841.2, 2640.63, 2265.8, 1721.43, 1102.73, 9.4057]
# Electron_projectile_energy, keV	cross_section, cm^2
1.000000000000000000e+00	0.000000000000000000e+00
7.637185929648241256e+01	1.436961156362243795e-30
1.517437185929648251e+02	5.069904309752137670e-32
2.271155778894472519e+02	7.534841072775451911e-33
3.024874371859296502e+02	1.975942894549005373e-33
3.778592964824120486e+02	7.048301593048702438e-34
4.532311557788945038e+02	3.045822053937975571e-34
5.286030150753769021e+02	1.502388131624234204e-34
6.039748743718593005e+02	8.151442375032201978e-35
6.793467336683416988e+02	4.757322115888954084e-35
7.547185929648240972e+02	2.941774702917388464e-35
8.300904522613064955e+02	1.906689943598196855e-35
9.054623115577890076e+02	1.279379601015597550e-35
9.808341708542714059e+02	8.903263992529182393e-36
1.056206030150753804e+03	9.683366529503523245e-18
1.131577889447236203e+03	9.987383824843995937e-20
1.206949748743718601e+03	3.548342173329527193e-22
1.282321608040200999e+03	3.422220351098027397e-19
1.357693467336683398e+03	3.007156392044715730e-18
1.433065326633165796e+03	1.127674073904675939e-21
1.508437185929648194e+03	1.202423324616793663e-22
1.583809045226130593e+03	3.736517776308481448e-18
1.659180904522612991e+03	4.691999631568464982e-20
1.734552763819095389e+03	2.265673271741179900e-15
1.809924623115578015e+03	4.433482526892332752e-17
1.885296482412060413e+03	2.263344961908533963e-19
1.960668341708542812e+03	1.502815719710218971e-18
2.036040201005025210e+03	3.015476944959027801e-20
2.111412060301507609e+03	3.008643266196988396e-18
2.186783919597990007e+03	8.862189294752701198e-19
2.262155778894472405e+03	6.703294115329228563e-19
2.337527638190954804e+03	5.250399857835701702e-21
2.412899497487437202e+03	1.729792530996345654e-21
2.488271356783919600e+03	1.680037434257566589e-19
2.563643216080401999e+03	8.497999122402597006e-21
2.639015075376884397e+03	1.096570631398778586e-20
2.714386934673366795e+03	7.003494411027819250e-21
2.789758793969849194e+03	7.035621376041301125e-23
2.865130653266331592e+03	3.391826693636370615e-23
2.940502512562813990e+03	1.424171981152973833e-23
3.015874371859296389e+03	6.937275765120492363e-24
3.091246231155778787e+03	2.051960715847271531e-23
3.166618090452261185e+03	1.480921197455607817e-23
3.241989949748743584e+03	1.755868606984183727e-23
3.317361809045225982e+03	2.487933839328310750e-23
3.392733668341708380e+03	2.135595958457282913e-23
3.468105527638190779e+03	6.449055091513615235e-23
3.543477386934673177e+03	1.623354654384558085e-22
3.618849246231156030e+03	8.624853263299828614e-22
3.694221105527638429e+03	6.095798863953461884e-20
3.769592964824120827e+03	4.197574615639345646e-21
3.844964824120603225e+03	1.374790163467666906e-21
3.920336683417085624e+03	1.280172228721925728e-21
3.995708542713568022e+03	7.376991035305989882e-22
4.071080402010050420e+03	2.345441089106235729e-21
4.146452261306532819e+03	6.668456222501738434e-19
4.221824120603015217e+03	4.954314307522419478e-21
4.297195979899497615e+03	1.187430399286007012e-21
4.372567839195980014e+03	6.288659187107109367e-22
4.447939698492462412e+03	4.140005037491139232e-22
4.523311557788944810e+03	3.832316553890228521e-21
4.598683417085427209e+03	9.226702290225803150e-22
4.674055276381909607e+03	4.934240230384259641e-21
4.749427135678392006e+03	2.198833999571780229e-21
4.824798994974874404e+03	1.955726119453789952e-22
4.900170854271356802e+03	1.711032544364975756e-22
4.975542713567839201e+03	1.078368664718439494e-21
5.050914572864321599e+03	1.925315142555495744e-20
5.126286432160803997e+03	2.532133401987318718e-22
5.201658291457286396e+03	5.877736537045799032e-23
5.277030150753768794e+03	2.855213804249628928e-23
5.352402010050251192e+03	1.630042652543801885e-23
5.427773869346733591e+03	1.426388522227658562e-23
5.503145728643215989e+03	8.580458162107440926e-24
5.578517587939698387e+03	1.523956436720880214e-23
5.653889447236180786e+03	7.955887013068847766e-23
5.729261306532663184e+03	1.639810924315918713e-21
5.804633165829145582e+03	4.857607324399815577e-23
5.880005025125627981e+03	5.045937168638173355e-24
5.955376884422110379e+03	1.424673581831647098e-24
6.030748743718592777e+03	6.626858348693528479e-25
6.106120603015075176e+03	3.671577416333040064e-25
6.181492462311557574e+03	1.499536009661412254e-25
6.256864321608039972e+03	9.224579308493032967e-26
6.332236180904522371e+03	7.696295505891971507e-26
6.407608040201004769e+03	6.861273431189970226e-26
6.482979899497487168e+03	3.706548165962003714e-26
6.558351758793969566e+03	6.649397944623223132e-26
6.633723618090451964e+03	4.164975471000370130e-26
6.709095477386934363e+03	5.878889318020474828e-26
6.784467336683416761e+03	3.854554997230300928e-26
6.859839195979899159e+03	2.026843135274681009e-26
6.935211055276381558e+03	1.875279123875912404e-26
7.010582914572863956e+03	1.142048632226286135e-26
7.085954773869346354e+03	7.771926930927280474e-27
7.161326633165828753e+03	2.135733270359854138e-26
7.236698492462312061e+03	1.414263526228226512e-26
7.312070351758794459e+03	2.154979601560467332e-26
7.387442211055276857e+03	1.705737116037853777e-26
7.462814070351759256e+03	1.917392151077007008e-26
7.538185929648241654e+03	3.175975309555635505e-27
7.613557788944724052e+03	1.060945088048136730e-26
7.688929648241206451e+03	4.722724556849948771e-27
7.764301507537688849e+03	3.835482120957167327e-27
7.839673366834171247e+03	2.244441958255030288e-27
7.915045226130653646e+03	7.112939015440005834e-27
7.990417085427136044e+03	2.839380584969967377e-27
8.065788944723618442e+03	3.291992330785476772e-27
8.141160804020100841e+03	1.587288087231062054e-27
8.216532663316582330e+03	5.795741243082501479e-27
8.291904522613065637e+03	9.859489746674129350e-28
8.367276381909547126e+03	4.465023443646172062e-28
8.442648241206030434e+03	2.605435231513065233e-27
8.518020100502511923e+03	8.288167546645894218e-28
8.593391959798995231e+03	4.201476453384274543e-27
8.668763819095476720e+03	3.471820395706018494e-27
8.744135678391960028e+03	2.797378376180877267e-28
8.819507537688441516e+03	3.942293013354334640e-28
8.894879396984924824e+03	2.750484590583398550e-27
8.970251256281406313e+03	4.343111454690529152e-27
9.045623115577889621e+03	1.593865700872448575e-27
9.120994974874371110e+03	1.809401713208762773e-27
9.196366834170854418e+03	3.605005309410317884e-28
9.271738693467335906e+03	1.290764755685151179e-27
9.347110552763819214e+03	9.031366329704119515e-28
9.422482412060300703e+03	1.431180096124145794e-27
9.497854271356784011e+03	1.975761884182529191e-28
9.573226130653265500e+03	3.330568077549241702e-28
9.648597989949748808e+03	8.800856538137658957e-28
9.723969849246232116e+03	1.021733549847955916e-27
9.799341708542713604e+03	2.396417744850277056e-28
9.874713567839196912e+03	9.937664239522360619e-28
9.950085427135678401e+03	1.022367476155670848e-27
1.002545728643216171e+04	5.429934148543943706e-28
1.010082914572864320e+04	2.466080000254734128e-28
1.017620100502512651e+04	3.156113613969861433e-28
1.025157286432160799e+04	1.557369969176301938e-28
1.032694472361809130e+04	1.827833124258099263e-28
1.040231658291457279e+04	2.508566544821741635e-28
1.047768844221105610e+04	8.179326218430244773e-28
1.055306030150753759e+04	4.554977035461598738e-28
1.062843216080402090e+04	1.433862735469280584e-27
1.070380402010050238e+04	2.373408215996075374e-28
1.077917587939698569e+04	7.680030648416413426e-28
1.085454773869346718e+04	2.849362243360209189e-28
1.092991959798995049e+04	1.232223323044263670e-27
1.100529145728643198e+04	1.422525914064394210e-28
1.108066331658291529e+04	8.240687581200891692e-28
1.115603517587939677e+04	1.393577893826125869e-28
1.123140703517588008e+04	3.696178506891917301e-29
1.130677889447236157e+04	2.654006357891156280e-28
1.138215075376884488e+04	5.601828580761823479e-29
1.145752261306532637e+04	1.310769138119258626e-28
1.153289447236180968e+04	4.044961427609624127e-28
1.160826633165829116e+04	1.340839062846497519e-28
1.168363819095477447e+04	1.121398474235743116e-28
1.175901005025125596e+04	8.061610088813027347e-29
1.183438190954773927e+04	2.010215315978013096e-28
1.190975376884422076e+04	7.642419728449233378e-29
1.198512562814070407e+04	3.127190513388871031e-28
1.206049748743718555e+04	1.878029410140609918e-28
1.213586934673366886e+04	7.208480978200153380e-29
1.221124120603015035e+04	7.406059381968146843e-29
1.228661306532663366e+04	6.264837010749704971e-29
1.236198492462311515e+04	3.415150245129456716e-29
1.243735678391959846e+04	1.275665123133772804e-28
1.251272864321607994e+04	1.079493920978411447e-28
1.258810050251256325e+04	2.955601408995189309e-29
1.266347236180904474e+04	1.253542044198989623e-28
1.273884422110552805e+04	1.390461831234723826e-28
1.281421608040200954e+04	6.438337434168327435e-29
1.288958793969849285e+04	8.092049452904662137e-29
1.296495979899497434e+04	1.192386441123783614e-28
1.304033165829145764e+04	1.315433170014606151e-28
1.311570351758793913e+04	9.094457886853171658e-29
1.319107537688442244e+04	7.767941513600849693e-29
1.326644723618090393e+04	7.657601731500129546e-29
1.334181909547738724e+04	1.490127934156993530e-28
1.341719095477386873e+04	1.579978625931323543e-28
1.349256281407035203e+04	5.829939395492338885e-29
1.356793467336683352e+04	9.547704540995067335e-29
1.364330653266331683e+04	1.063864818328409866e-28
1.371867839195979832e+04	3.704936355124618672e-29
1.379405025125628163e+04	6.118415552746483253e-29
1.386942211055276312e+04	1.143778693357410179e-28
1.394479396984924642e+04	1.182977907703087445e-28
1.402016582914572791e+04	8.601940087337365825e-29
1.409553768844221122e+04	1.858034893936617630e-29
1.417090954773869271e+04	8.421334417005717993e-29
1.424628140703517602e+04	6.029268774698825670e-29
1.432165326633165751e+04	1.270120200157214263e-28
1.439702512562814081e+04	7.678596076269731622e-29
1.447239698492462412e+04	1.279913453827844964e-28
1.454776884422110561e+04	6.534695224645826183e-29
1.462314070351758892e+04	8.623744921577290216e-29
1.469851256281407041e+04	9.780027744496453932e-29
1.477388442211055371e+04	7.712184546639560525e-29
1.484925628140703520e+04	4.925095540572600301e-29
1.492462814070351851e+04	5.630584070106896021e-29
1.500000000000000000e+04	1.406347285354020553e-28
