# Chain:	[5641.2, 4218.4, 3157.51, 2841.2, 2640.63, 2510.15, 1738.19, 9.4057]
# Electron_projectile_energy, keV	cross_section, cm^2
1.000000000000000000e+00	0.000000000000000000e+00
7.637185929648241256e+01	3.520775150441528262e-30
1.517437185929648251e+02	1.242204288533456371e-31
2.271155778894472519e+02	1.846151588308239064e-32
3.024874371859296502e+02	4.841363046605478992e-33
3.778592964824120486e+02	1.726941956068266359e-33
4.532311557788945038e+02	7.462731022819850271e-34
5.286030150753769021e+02	3.681081271209694061e-34
6.039748743718593005e+02	1.997228361198277215e-34
6.793467336683416988e+02	1.165616858473060065e-34
7.547185929648240972e+02	7.207799060100739179e-35
8.300904522613064955e+02	4.671682698794541275e-35
9.054623115577890076e+02	3.134676179167362912e-35
9.808341708542714059e+02	2.181436184543283628e-35
1.056206030150753804e+03	9.683366529503523245e-18
1.131577889447236203e+03	4.653224088706857750e-15
1.206949748743718601e+03	3.758884197223187519e-18
1.282321608040200999e+03	5.239116151032618777e-18
1.357693467336683398e+03	3.015870379630520578e-18
1.433065326633165796e+03	1.253518880278703562e-17
1.508437185929648194e+03	1.114998685903473090e-16
1.583809045226130593e+03	3.738934921926101149e-18
1.659180904522612991e+03	4.721903036891997566e-20
1.734552763819095389e+03	6.884016020965038114e-15
1.809924623115578015e+03	3.155696937063446881e-15
1.885296482412060413e+03	4.808378420389749881e-14
1.960668341708542812e+03	2.987386385468614981e-17
2.036040201005025210e+03	4.397152605295221099e-20
2.111412060301507609e+03	1.263190232038541384e-17
2.186783919597990007e+03	1.155705650012267979e-18
2.262155778894472405e+03	6.768686010024883618e-19
2.337527638190954804e+03	1.388067401881530086e-20
2.412899497487437202e+03	7.805964045128576244e-21
2.488271356783919600e+03	2.104486278294788966e-19
2.563643216080401999e+03	3.188997462091559798e-18
2.639015075376884397e+03	1.309393471525785407e-16
2.714386934673366795e+03	3.106400785158928703e-19
2.789758793969849194e+03	8.963068163822676281e-21
2.865130653266331592e+03	2.578255622851092477e-20
2.940502512562813990e+03	4.561875176932573003e-22
3.015874371859296389e+03	1.383164018804050322e-22
3.091246231155778787e+03	6.620612260504746572e-23
3.166618090452261185e+03	6.707195246715097530e-23
3.241989949748743584e+03	2.804219419433961138e-23
3.317361809045225982e+03	3.152910407903321483e-23
3.392733668341708380e+03	2.706002425115546788e-23
3.468105527638190779e+03	6.713815398347756766e-23
3.543477386934673177e+03	1.756316845543216256e-22
3.618849246231156030e+03	8.643460199980270046e-22
3.694221105527638429e+03	6.096290277725049716e-20
3.769592964824120827e+03	4.208653164803783964e-21
3.844964824120603225e+03	1.385693117786355174e-21
3.920336683417085624e+03	1.286123568848918538e-21
3.995708542713568022e+03	7.460033810635465739e-22
4.071080402010050420e+03	2.355071739411783386e-21
4.146452261306532819e+03	6.668580271992671577e-19
4.221824120603015217e+03	4.970011389162065588e-21
4.297195979899497615e+03	1.226272538652067902e-21
4.372567839195980014e+03	7.163188808320852175e-22
4.447939698492462412e+03	7.547173299718889747e-22
4.523311557788944810e+03	1.669619476770545425e-20
4.598683417085427209e+03	2.672851816176649352e-20
4.674055276381909607e+03	6.219889897313361725e-21
4.749427135678392006e+03	2.914595450095574287e-21
4.824798994974874404e+03	8.182891613338124876e-22
4.900170854271356802e+03	1.289055504122829864e-21
4.975542713567839201e+03	4.988723350150099612e-21
5.050914572864321599e+03	7.519974855797038470e-20
5.126286432160803997e+03	3.311617895830217621e-19
5.201658291457286396e+03	4.316684277246337256e-21
5.277030150753768794e+03	1.033140767046710571e-21
5.352402010050251192e+03	4.609122539709334484e-22
5.427773869346733591e+03	3.103058850228485805e-22
5.503145728643215989e+03	2.180758833570167755e-22
5.578517587939698387e+03	2.743378009906082970e-22
5.653889447236180786e+03	5.749346426454345201e-22
5.729261306532663184e+03	4.995461452913471788e-21
5.804633165829145582e+03	5.025513726864735125e-21
5.880005025125627981e+03	1.526623133184871547e-21
5.955376884422110379e+03	1.097886630504777122e-22
6.030748743718592777e+03	2.763045123963898467e-23
6.106120603015075176e+03	1.067555823968946513e-23
6.181492462311557574e+03	4.690047918476861291e-24
6.256864321608039972e+03	2.045510349688799967e-24
6.332236180904522371e+03	1.672506212458865187e-24
6.407608040201004769e+03	9.440915190238953481e-25
6.482979899497487168e+03	7.762451813194896953e-25
6.558351758793969566e+03	4.868478068747907989e-25
6.633723618090451964e+03	3.025671012753607725e-25
6.709095477386934363e+03	2.224976701644408934e-25
6.784467336683416761e+03	1.942714788010397041e-25
6.859839195979899159e+03	2.183775127630071332e-25
6.935211055276381558e+03	1.166165651868265246e-25
7.010582914572863956e+03	7.801889357980712451e-26
7.085954773869346354e+03	1.382553549862285708e-25
7.161326633165828753e+03	1.304043560615541084e-25
7.236698492462312061e+03	5.971187349015905195e-26
7.312070351758794459e+03	9.129724748629765783e-26
7.387442211055276857e+03	5.188725907413536090e-26
7.462814070351759256e+03	1.208110320847266829e-25
7.538185929648241654e+03	7.733098261130352130e-26
7.613557788944724052e+03	5.394470530647955198e-26
7.688929648241206451e+03	2.865087059370075356e-26
7.764301507537688849e+03	3.001423864749153457e-26
7.839673366834171247e+03	4.107879527565450249e-26
7.915045226130653646e+03	1.854494766950959598e-26
7.990417085427136044e+03	1.249772823690164689e-26
8.065788944723618442e+03	2.565308560890313721e-26
8.141160804020100841e+03	1.102141073369952058e-26
8.216532663316582330e+03	9.480672561172728921e-27
8.291904522613065637e+03	2.515465296090300413e-26
8.367276381909547126e+03	1.868683853380013185e-26
8.442648241206030434e+03	1.832588588990413973e-26
8.518020100502511923e+03	7.103976086820722119e-27
8.593391959798995231e+03	6.561535284774715067e-27
8.668763819095476720e+03	1.443980478137896033e-26
8.744135678391960028e+03	8.884566863429280244e-27
8.819507537688441516e+03	3.514808702679302509e-27
8.894879396984924824e+03	1.045407958875908804e-26
8.970251256281406313e+03	1.218666796656430691e-26
9.045623115577889621e+03	1.085390713518428469e-26
9.120994974874371110e+03	9.131697089162688625e-27
9.196366834170854418e+03	5.648161520811228758e-27
9.271738693467335906e+03	3.589463305644575963e-27
9.347110552763819214e+03	7.306899162981508104e-27
9.422482412060300703e+03	7.299226323864937134e-27
9.497854271356784011e+03	3.012924089441863177e-27
9.573226130653265500e+03	6.977152785836838620e-28
9.648597989949748808e+03	2.399019155969451605e-27
9.723969849246232116e+03	8.948438785726625354e-27
9.799341708542713604e+03	2.352332434444370354e-27
9.874713567839196912e+03	3.961749377765180997e-27
9.950085427135678401e+03	2.982728295508117815e-27
1.002545728643216171e+04	1.958769650053706492e-27
1.010082914572864320e+04	2.193609904493597982e-27
1.017620100502512651e+04	3.883801895803650572e-27
1.025157286432160799e+04	1.082012610615710738e-27
1.032694472361809130e+04	6.096378936035872834e-28
1.040231658291457279e+04	2.280341140050307220e-27
1.047768844221105610e+04	3.440326332111355629e-27
1.055306030150753759e+04	1.595666172791054307e-27
1.062843216080402090e+04	1.851060816452449039e-27
1.070380402010050238e+04	2.574880816146262874e-27
1.077917587939698569e+04	1.728002468058566529e-27
1.085454773869346718e+04	8.318121135123659218e-28
1.092991959798995049e+04	1.546517366390176990e-27
1.100529145728643198e+04	1.260650154482507166e-27
1.108066331658291529e+04	1.018760637720575513e-27
1.115603517587939677e+04	3.046960840626070816e-27
1.123140703517588008e+04	2.912736501646159323e-27
1.130677889447236157e+04	1.716279468117603412e-27
1.138215075376884488e+04	3.694821704224635754e-28
1.145752261306532637e+04	1.062379001879718850e-27
1.153289447236180968e+04	1.567675277586710680e-27
1.160826633165829116e+04	6.403417632576416939e-28
1.168363819095477447e+04	5.273197437332098404e-28
1.175901005025125596e+04	6.003629108965523434e-28
1.183438190954773927e+04	6.002929446426446127e-28
1.190975376884422076e+04	2.477748296259244557e-28
1.198512562814070407e+04	1.016280029309682188e-27
1.206049748743718555e+04	8.120464441692092986e-28
1.213586934673366886e+04	4.247971353311888914e-28
1.221124120603015035e+04	2.076545327240055980e-28
1.228661306532663366e+04	1.647681675176277083e-28
1.236198492462311515e+04	1.566516751227310263e-28
1.243735678391959846e+04	4.225387705164874352e-28
1.251272864321607994e+04	4.973448165812140199e-28
1.258810050251256325e+04	2.011077866363260196e-28
1.266347236180904474e+04	2.318812923204146113e-28
1.273884422110552805e+04	3.673435739749408081e-28
1.281421608040200954e+04	5.623339844667314769e-28
1.288958793969849285e+04	2.538868704279134355e-28
1.296495979899497434e+04	1.902688599624492216e-28
1.304033165829145764e+04	3.620098238196883151e-28
1.311570351758793913e+04	3.199790492286562159e-28
1.319107537688442244e+04	4.818906430122786641e-28
1.326644723618090393e+04	1.622650799462142885e-28
1.334181909547738724e+04	2.692560637882402974e-28
1.341719095477386873e+04	4.460074348116409582e-28
1.349256281407035203e+04	1.493487988072436104e-28
1.356793467336683352e+04	3.081308806016948432e-28
1.364330653266331683e+04	4.695353272995628121e-28
1.371867839195979832e+04	1.262823750922046721e-28
1.379405025125628163e+04	1.439546999855484069e-28
1.386942211055276312e+04	2.464765025315147257e-28
1.394479396984924642e+04	1.697758215264316891e-28
1.402016582914572791e+04	2.456844266437900923e-28
1.409553768844221122e+04	1.017380309787088867e-28
1.417090954773869271e+04	1.209751342966702325e-28
1.424628140703517602e+04	1.284715119912212425e-28
1.432165326633165751e+04	2.595677817818035019e-28
1.439702512562814081e+04	2.079714141456474012e-28
1.447239698492462412e+04	1.711420693154519651e-28
1.454776884422110561e+04	9.468445209102533232e-29
1.462314070351758892e+04	1.360735663043189180e-28
1.469851256281407041e+04	2.306184659522444764e-28
1.477388442211055371e+04	1.656254550273040298e-28
1.484925628140703520e+04	1.302602193806626629e-28
1.492462814070351851e+04	1.820222811668203279e-28
1.500000000000000000e+04	2.725639187371052118e-28
