# Chain:	[5641.2, 4870.0, 4218.4, 3603.06, 3157.51, 2841.2, 2640.63, 2510.15, 2271.3, 1102.73, 9.4057]
# Electron_projectile_energy, keV	cross_section, cm^2
1.000000000000000000e+00	0.000000000000000000e+00
7.637185929648241256e+01	1.436961156362243795e-30
1.517437185929648251e+02	5.069904309752137670e-32
2.271155778894472519e+02	7.534841072775451911e-33
3.024874371859296502e+02	1.975942894549005373e-33
3.778592964824120486e+02	7.048301593048702438e-34
4.532311557788945038e+02	3.045822053937975571e-34
5.286030150753769021e+02	1.502388131624234204e-34
6.039748743718593005e+02	8.151442375032201978e-35
6.793467336683416988e+02	4.757322115888954084e-35
7.547185929648240972e+02	2.941774702917388464e-35
8.300904522613064955e+02	1.906689943598196855e-35
9.054623115577890076e+02	1.279379601015597550e-35
9.808341708542714059e+02	8.903263992529182393e-36
1.056206030150753804e+03	9.683366529503523245e-18
1.131577889447236203e+03	2.023862382253307891e-16
1.206949748743718601e+03	1.637502651732360194e-19
1.282321608040200999e+03	5.551058657315880583e-19
1.357693467336683398e+03	3.007535217102584444e-18
1.433065326633165796e+03	5.460238641715122544e-19
1.508437185929648194e+03	4.847375050472311400e-18
1.583809045226130593e+03	3.736622855568682676e-18
1.659180904522612991e+03	4.693299628965804489e-20
1.734552763819095389e+03	6.884015988097117732e-15
1.809924623115578015e+03	1.083558364363702130e-15
1.885296482412060413e+03	1.604346785210670269e-14
1.960668341708542812e+03	1.300588962641090867e-17
2.036040201005025210e+03	3.642223797555805713e-20
2.111412060301507609e+03	1.020888788346245143e-17
2.186783919597990007e+03	9.783469929356092294e-19
2.262155778894472405e+03	6.712410530807100936e-19
2.337527638190954804e+03	6.016926673489890459e-21
2.412899497487437202e+03	2.564876892738902114e-21
2.488271356783919600e+03	1.713987092695479864e-19
2.563643216080401999e+03	1.070723660522925634e-18
2.639015075376884397e+03	4.370911429152078386e-17
2.714386934673366795e+03	1.175084030516165086e-19
2.789758793969849194e+03	1.875476398898159157e-21
2.865130653266331592e+03	1.456379888690704869e-21
2.940502512562813990e+03	1.000087309838334348e-22
3.015874371859296389e+03	4.252155238849163544e-23
3.091246231155778787e+03	3.555476292313850100e-23
3.166618090452261185e+03	3.113459959378244622e-23
3.241989949748743584e+03	2.051358142483941951e-23
3.317361809045225982e+03	2.705339030223736103e-23
3.392733668341708380e+03	2.364905966786163209e-23
3.468105527638190779e+03	6.583011024112602833e-23
3.543477386934673177e+03	1.669095255303980049e-22
3.618849246231156030e+03	8.633358154621028839e-22
3.694221105527638429e+03	6.095993176152340513e-20
3.769592964824120827e+03	4.202288589120727166e-21
3.844964824120603225e+03	1.379155385908629653e-21
3.920336683417085624e+03	1.283129211232567002e-21
3.995708542713568022e+03	7.409776607176220342e-22
4.071080402010050420e+03	2.349038791526870954e-21
4.146452261306532819e+03	6.668509402813321759e-19
4.221824120603015217e+03	4.961192546617374863e-21
4.297195979899497615e+03	1.204682490528842903e-21
4.372567839195980014e+03	6.820777829456695814e-22
4.447939698492462412e+03	6.591906507406093414e-22
4.523311557788944810e+03	1.291277985209351999e-20
4.598683417085427209e+03	9.653094501379549190e-21
4.674055276381909607e+03	5.418327387471131940e-21
4.749427135678392006e+03	2.494000755802458268e-21
4.824798994974874404e+03	4.876251912589975750e-22
4.900170854271356802e+03	7.352023614182024670e-22
4.975542713567839201e+03	3.834643083688149960e-21
5.050914572864321599e+03	6.406547710935451831e-20
5.126286432160803997e+03	1.109998275989589712e-19
5.201658291457286396e+03	1.557819322553359732e-21
5.277030150753768794e+03	4.010344517053332004e-22
5.352402010050251192e+03	1.862742703593171433e-22
5.427773869346733591e+03	1.312835228085751180e-22
5.503145728643215989e+03	8.960433145965059108e-23
5.578517587939698387e+03	1.218701948802040068e-22
5.653889447236180786e+03	3.526788762797414239e-22
5.729261306532663184e+03	4.986608359718062473e-21
5.804633165829145582e+03	1.774937101140350791e-21
5.880005025125627981e+03	5.192956963947175896e-22
5.955376884422110379e+03	3.934991676502778318e-23
6.030748743718592777e+03	1.046193450285308676e-23
6.106120603015075176e+03	4.158159000678887483e-24
6.181492462311557574e+03	1.798734498704356427e-24
6.256864321608039972e+03	8.088142222046744019e-25
6.332236180904522371e+03	6.823768977003935265e-25
6.407608040201004769e+03	3.991383913082413355e-25
6.482979899497487168e+03	3.188591865262282320e-25
6.558351758793969566e+03	2.247708377835926672e-25
6.633723618090451964e+03	1.432565393833303022e-25
6.709095477386934363e+03	1.258270428665658753e-25
6.784467336683416761e+03	1.156021787711796263e-25
6.859839195979899159e+03	9.728997202150728423e-26
6.935211055276381558e+03	6.768069015633655399e-26
7.010582914572863956e+03	3.601189544176314995e-26
7.085954773869346354e+03	5.987841506188875901e-26
7.161326633165828753e+03	6.618495894920375840e-26
7.236698492462312061e+03	3.092387165038572027e-26
7.312070351758794459e+03	4.877935483659301103e-26
7.387442211055276857e+03	2.948455841132292170e-26
7.462814070351759256e+03	5.975055733966662631e-26
7.538185929648241654e+03	3.001295556595669163e-26
7.613557788944724052e+03	2.967662942135272827e-26
7.688929648241206451e+03	1.320545793871055333e-26
7.764301507537688849e+03	1.424600371436853385e-26
7.839673366834171247e+03	1.740158518416866458e-26
7.915045226130653646e+03	1.104873811154237375e-26
7.990417085427136044e+03	7.170808239471942116e-27
8.065788944723618442e+03	1.114987355510892426e-26
8.141160804020100841e+03	5.289319661013707287e-27
8.216532663316582330e+03	7.215339851647863561e-27
8.291904522613065637e+03	9.694352869124021997e-27
8.367276381909547126e+03	6.829616235946020317e-27
8.442648241206030434e+03	1.034372783824901503e-26
8.518020100502511923e+03	3.237538777715631698e-27
8.593391959798995231e+03	5.098290754381861573e-27
8.668763819095476720e+03	7.830870627794758539e-27
8.744135678391960028e+03	3.120568874214422381e-27
8.819507537688441516e+03	1.864522842444911963e-27
8.894879396984924824e+03	5.427027061630774741e-27
8.970251256281406313e+03	7.640911143532499444e-27
9.045623115577889621e+03	5.089075340718439200e-27
9.120994974874371110e+03	4.761455227631979407e-27
9.196366834170854418e+03	2.161199366743241223e-27
9.271738693467335906e+03	2.815315415184150856e-27
9.347110552763819214e+03	3.484706262328611814e-27
9.422482412060300703e+03	3.622132977042721172e-27
9.497854271356784011e+03	1.221205428233905251e-27
9.573226130653265500e+03	4.935323734858972806e-28
9.648597989949748808e+03	1.722353372410255519e-27
9.723969849246232116e+03	3.964955250675564218e-27
9.799341708542713604e+03	1.172967294598271945e-27
9.874713567839196912e+03	1.993509222943716532e-27
9.950085427135678401e+03	1.739847326823983774e-27
1.002545728643216171e+04	1.178736849746534957e-27
1.010082914572864320e+04	1.097616237741342738e-27
1.017620100502512651e+04	1.527142531322873995e-27
1.025157286432160799e+04	4.806602104606307501e-28
1.032694472361809130e+04	3.166785042223826702e-28
1.040231658291457279e+04	1.049545662580982545e-27
1.047768844221105610e+04	1.762582102406979357e-27
1.055306030150753759e+04	8.871327515561155479e-28
1.062843216080402090e+04	1.621691789697470934e-27
1.070380402010050238e+04	1.161514124896223018e-27
1.077917587939698569e+04	1.155911330278392014e-27
1.085454773869346718e+04	6.028018882388780060e-28
1.092991959798995049e+04	1.312659431704904614e-27
1.100529145728643198e+04	5.451811293792170019e-28
1.108066331658291529e+04	8.675476459125282699e-28
1.115603517587939677e+04	1.224034995161833278e-27
1.123140703517588008e+04	9.828452277390890970e-28
1.130677889447236157e+04	7.598920573941501203e-28
1.138215075376884488e+04	1.523540464497594910e-28
1.145752261306532637e+04	5.146555208429938437e-28
1.153289447236180968e+04	8.013506445067132596e-28
1.160826633165829116e+04	2.847061339646902295e-28
1.168363819095477447e+04	2.589442671359050241e-28
1.175901005025125596e+04	2.527936262563055115e-28
1.183438190954773927e+04	3.431571298131433359e-28
1.190975376884422076e+04	1.636253081690282144e-28
1.198512562814070407e+04	5.630247521661570099e-28
1.206049748743718555e+04	4.207584025446233366e-28
1.213586934673366886e+04	2.117827895777710034e-28
1.221124120603015035e+04	1.517768568758635878e-28
1.228661306532663366e+04	8.685514779906041858e-29
1.236198492462311515e+04	6.680633192195380889e-29
1.243735678391959846e+04	2.265006099538591094e-28
1.251272864321607994e+04	2.861517130729820950e-28
1.258810050251256325e+04	7.943808310435472493e-29
1.266347236180904474e+04	1.503049452036554190e-28
1.273884422110552805e+04	2.070229205822923661e-28
1.281421608040200954e+04	2.357386165433001256e-28
1.288958793969849285e+04	1.394532080643271426e-28
1.296495979899497434e+04	1.427195957544086182e-28
1.304033165829145764e+04	2.040556001294693765e-28
1.311570351758793913e+04	1.866825130651952144e-28
1.319107537688442244e+04	2.040337215748425944e-28
1.326644723618090393e+04	1.011047991639887241e-28
1.334181909547738724e+04	1.807799960682187850e-28
1.341719095477386873e+04	2.595970450114985794e-28
1.349256281407035203e+04	9.291388197044628392e-29
1.356793467336683352e+04	1.603142480987940729e-28
1.364330653266331683e+04	2.249372572824131725e-28
1.371867839195979832e+04	6.020662618402872803e-29
1.379405025125628163e+04	9.796629947202112615e-29
1.386942211055276312e+04	1.513243093500098570e-28
1.394479396984924642e+04	1.379222790567297861e-28
1.402016582914572791e+04	1.430663663400763804e-28
1.409553768844221122e+04	4.800659459233184186e-29
1.417090954773869271e+04	8.879555761091563826e-29
1.424628140703517602e+04	7.846745540690733344e-29
1.432165326633165751e+04	1.665217807392633790e-28
1.439702512562814081e+04	1.171232771513845077e-28
1.447239698492462412e+04	1.380001991517555565e-28
1.454776884422110561e+04	6.800147547637889224e-29
1.462314070351758892e+04	1.005625082393696074e-28
1.469851256281407041e+04	1.380925631183324769e-28
1.477388442211055371e+04	1.036330335504227895e-28
1.484925628140703520e+04	8.110759367179897518e-29
1.492462814070351851e+04	9.586171126770166094e-29
1.500000000000000000e+04	1.819257794703099666e-28
