# Chain:	[1533.66, 561.9585, 9.4057]
# Electron_projectile_energy, keV	cross_section, cm^2
1.000000000000000000e+00	0.000000000000000000e+00
7.637185929648241256e+01	5.310132030332936298e-31
1.517437185929648251e+02	1.873527419077366322e-32
2.271155778894472519e+02	2.784417710030759654e-33
3.024874371859296502e+02	7.301879809344261900e-34
3.778592964824120486e+02	2.604622392399554561e-34
4.532311557788945038e+02	1.125550066242240214e-34
5.286030150753769021e+02	5.551910226944754667e-35
6.039748743718593005e+02	3.012275944789693579e-35
6.793467336683416988e+02	1.758016104634695566e-35
7.547185929648240972e+02	1.087100511160012738e-35
8.300904522613064955e+02	7.045963140051733697e-36
9.054623115577890076e+02	4.727806710869002665e-36
9.808341708542714059e+02	3.290103360965237005e-36
1.056206030150753804e+03	2.349982123715907896e-36
1.131577889447236203e+03	1.713056419476606475e-36
1.206949748743718601e+03	2.637413258612063332e-27
1.282321608040200999e+03	1.879779912539190847e-28
1.357693467336683398e+03	5.525613970094778236e-28
1.433065326633165796e+03	1.629964644808670127e-33
1.508437185929648194e+03	4.583214232658802664e-31
1.583809045226130593e+03	2.171907546121569870e-26
1.659180904522612991e+03	4.693435049357948130e-29
1.734552763819095389e+03	6.586306967070137337e-30
1.809924623115578015e+03	1.262211838078078434e-28
1.885296482412060413e+03	1.578897645903881697e-29
1.960668341708542812e+03	1.714363986955427183e-31
2.036040201005025210e+03	2.368453464665582552e-31
2.111412060301507609e+03	2.077843867106769573e-30
2.186783919597990007e+03	1.563768646965430911e-29
2.262155778894472405e+03	1.421837434649552275e-30
2.337527638190954804e+03	2.922623311560152934e-30
2.412899497487437202e+03	1.989830344925853964e-31
2.488271356783919600e+03	6.348612306733622072e-31
2.563643216080401999e+03	4.303846460035375141e-32
2.639015075376884397e+03	8.345791651831259076e-33
2.714386934673366795e+03	4.753109586454391476e-33
2.789758793969849194e+03	5.670657877722574019e-33
2.865130653266331592e+03	2.464253495737052553e-33
2.940502512562813990e+03	3.293564417078027483e-33
3.015874371859296389e+03	8.666403073784600853e-33
3.091246231155778787e+03	1.415786281179152800e-31
3.166618090452261185e+03	3.933955756112174755e-32
3.241989949748743584e+03	7.217075932147181381e-33
3.317361809045225982e+03	6.200294465276151085e-33
3.392733668341708380e+03	7.547286455419183966e-33
3.468105527638190779e+03	9.506387854934476900e-33
3.543477386934673177e+03	1.595217712990719424e-32
3.618849246231156030e+03	2.473776019192512951e-32
3.694221105527638429e+03	6.365499676468226892e-32
3.769592964824120827e+03	1.167185866448710855e-29
3.844964824120603225e+03	9.458589728998541968e-32
3.920336683417085624e+03	2.310271619555196967e-32
3.995708542713568022e+03	1.079615505142705823e-32
4.071080402010050420e+03	6.578520597268096209e-33
4.146452261306532819e+03	2.961053281069870145e-33
4.221824120603015217e+03	6.012531586776085665e-33
4.297195979899497615e+03	4.439684729384932853e-33
4.372567839195980014e+03	4.074721474458414016e-33
4.447939698492462412e+03	5.911305674598741282e-33
4.523311557788944810e+03	4.356722434946423418e-33
4.598683417085427209e+03	1.531075808810278703e-32
4.674055276381909607e+03	1.168344616941468891e-31
4.749427135678392006e+03	3.456487007526273052e-30
4.824798994974874404e+03	1.028125628408940872e-31
4.900170854271356802e+03	1.474674307630032965e-32
4.975542713567839201e+03	5.152242386330532012e-33
5.050914572864321599e+03	2.468085839371219393e-33
5.126286432160803997e+03	1.341035601769669900e-33
5.201658291457286396e+03	9.084951191894628469e-34
5.277030150753768794e+03	5.555951407605757930e-34
5.352402010050251192e+03	3.584440589667705089e-34
5.427773869346733591e+03	2.643057771482450430e-34
5.503145728643215989e+03	1.977102167678207413e-34
5.578517587939698387e+03	1.586441095549048177e-34
5.653889447236180786e+03	1.198398483456670562e-34
5.729261306532663184e+03	8.229854399219583914e-35
5.804633165829145582e+03	6.851359917301276993e-35
5.880005025125627981e+03	6.152232362866504256e-35
5.955376884422110379e+03	5.356514926155938736e-35
6.030748743718592777e+03	2.883292814437798351e-35
6.106120603015075176e+03	3.258966727067976887e-35
6.181492462311557574e+03	2.903986692596696236e-35
6.256864321608039972e+03	1.663697658383505198e-35
6.332236180904522371e+03	1.621064599559288380e-35
6.407608040201004769e+03	1.288920444253756191e-35
6.482979899497487168e+03	1.085464655244628248e-35
6.558351758793969566e+03	1.318032482219971636e-35
6.633723618090451964e+03	9.036492320221733477e-36
6.709095477386934363e+03	6.025312284520497954e-36
6.784467336683416761e+03	8.166012515782028307e-36
6.859839195979899159e+03	6.059924409290952953e-36
6.935211055276381558e+03	6.217624180787849685e-36
7.010582914572863956e+03	4.221388016425383835e-36
7.085954773869346354e+03	3.884563164457412769e-36
7.161326633165828753e+03	3.346095171857816319e-36
7.236698492462312061e+03	2.569254338567620610e-36
7.312070351758794459e+03	3.142912726650196382e-36
7.387442211055276857e+03	2.088458179114854572e-36
7.462814070351759256e+03	2.077677808874911288e-36
7.538185929648241654e+03	1.403398309748280559e-36
7.613557788944724052e+03	9.068194994121238010e-37
7.688929648241206451e+03	1.063383736383827136e-36
7.764301507537688849e+03	7.553395733652968616e-37
7.839673366834171247e+03	1.620650701026384199e-36
7.915045226130653646e+03	7.761098452761367019e-37
7.990417085427136044e+03	6.457635016941734361e-37
8.065788944723618442e+03	7.506801448724392597e-37
8.141160804020100841e+03	8.909163208185756913e-37
8.216532663316582330e+03	8.089268120810510510e-37
8.291904522613065637e+03	7.980108994868814857e-37
8.367276381909547126e+03	4.110364395926551007e-37
8.442648241206030434e+03	2.802613086963680947e-37
8.518020100502511923e+03	4.632595011696038681e-37
8.593391959798995231e+03	5.081028742092642060e-37
8.668763819095476720e+03	3.086947940161381332e-37
8.744135678391960028e+03	3.847229039927382992e-37
8.819507537688441516e+03	2.547024730029635600e-37
8.894879396984924824e+03	2.720228176641450643e-37
8.970251256281406313e+03	2.446334156239915524e-37
9.045623115577889621e+03	3.514927350763870366e-37
9.120994974874371110e+03	1.543659316904232606e-37
9.196366834170854418e+03	1.523756334502421251e-37
9.271738693467335906e+03	1.115880539420538368e-37
9.347110552763819214e+03	1.775633871638225749e-37
9.422482412060300703e+03	1.880917723871054541e-37
9.497854271356784011e+03	2.329900187868511060e-37
9.573226130653265500e+03	1.120303159110863720e-37
9.648597989949748808e+03	1.116082738840749795e-37
9.723969849246232116e+03	1.164751982608476939e-37
9.799341708542713604e+03	4.695621189999583769e-38
9.874713567839196912e+03	3.275100275851240103e-38
9.950085427135678401e+03	1.168076078180671781e-37
1.002545728643216171e+04	5.693795077096560477e-38
1.010082914572864320e+04	1.045528826679491568e-37
1.017620100502512651e+04	1.035692571313969776e-37
1.025157286432160799e+04	5.822618532021205808e-38
1.032694472361809130e+04	3.979162981135625562e-38
1.040231658291457279e+04	6.348931007943654686e-38
1.047768844221105610e+04	8.095950209742539359e-38
1.055306030150753759e+04	7.322391380444369115e-38
1.062843216080402090e+04	4.120745479333327131e-38
1.070380402010050238e+04	5.575794178851426833e-38
1.077917587939698569e+04	8.001954590761240502e-38
1.085454773869346718e+04	5.492465335426517366e-38
1.092991959798995049e+04	4.351015413385810853e-38
1.100529145728643198e+04	4.021089030677612680e-38
1.108066331658291529e+04	4.716089782164777330e-38
1.115603517587939677e+04	4.150328248004629763e-38
1.123140703517588008e+04	3.685936556282537568e-38
1.130677889447236157e+04	4.354875656903962076e-38
1.138215075376884488e+04	4.659527464146795157e-38
1.145752261306532637e+04	2.999353249623049108e-38
1.153289447236180968e+04	3.052454824041332595e-38
1.160826633165829116e+04	1.755027481412286562e-38
1.168363819095477447e+04	5.579713820287095367e-38
1.175901005025125596e+04	4.589420844299877848e-38
1.183438190954773927e+04	2.881664649242972340e-38
1.190975376884422076e+04	3.792268499590779206e-38
1.198512562814070407e+04	2.107434582416027570e-38
1.206049748743718555e+04	3.114612393919738409e-38
1.213586934673366886e+04	2.054484940901467929e-38
1.221124120603015035e+04	2.534402722556010910e-38
1.228661306532663366e+04	2.198106214945258972e-38
1.236198492462311515e+04	2.256287017759968561e-38
1.243735678391959846e+04	1.788592932440997843e-38
1.251272864321607994e+04	1.038114373641148822e-38
1.258810050251256325e+04	1.410081245445835334e-38
1.266347236180904474e+04	1.413879293386702106e-38
1.273884422110552805e+04	1.362025173809068297e-38
1.281421608040200954e+04	1.443005731873971662e-38
1.288958793969849285e+04	7.039778141481323033e-39
1.296495979899497434e+04	1.885112671902555971e-38
1.304033165829145764e+04	1.673870942275921143e-38
1.311570351758793913e+04	8.795372427130111589e-39
1.319107537688442244e+04	1.912310746171886041e-38
1.326644723618090393e+04	1.213173727365189713e-38
1.334181909547738724e+04	1.693741793933047695e-38
1.341719095477386873e+04	1.340113419986447935e-38
1.349256281407035203e+04	1.265125797804724487e-38
1.356793467336683352e+04	1.100953222268857677e-38
1.364330653266331683e+04	1.454648861452164329e-38
1.371867839195979832e+04	1.225393972378901548e-38
1.379405025125628163e+04	1.386616184375984347e-38
1.386942211055276312e+04	1.384631042626990097e-38
1.394479396984924642e+04	1.123421462875467469e-38
1.402016582914572791e+04	8.172273570638439423e-39
1.409553768844221122e+04	9.952548557622212128e-39
1.417090954773869271e+04	9.326882765243930257e-39
1.424628140703517602e+04	3.990044440623001731e-39
1.432165326633165751e+04	1.052828433724660099e-38
1.439702512562814081e+04	9.423023796641148256e-39
1.447239698492462412e+04	1.090651301937844197e-38
1.454776884422110561e+04	8.331157252803584510e-39
1.462314070351758892e+04	1.090902541558069946e-38
1.469851256281407041e+04	8.600254417428315335e-39
1.477388442211055371e+04	7.037717926900457054e-39
1.484925628140703520e+04	5.539904211006178633e-39
1.492462814070351851e+04	7.605447705976279428e-39
1.500000000000000000e+04	7.876711315293919506e-39
