# Chain:	[5641.2, 4870.0, 4218.4, 3603.06, 2841.2, 2640.63, 2510.15, 2271.3, 1102.73, 9.4057]
# Electron_projectile_energy, keV	cross_section, cm^2
1.000000000000000000e+00	0.000000000000000000e+00
7.637185929648241256e+01	1.436961156362243795e-30
1.517437185929648251e+02	5.069904309752137670e-32
2.271155778894472519e+02	7.534841072775451911e-33
3.024874371859296502e+02	1.975942894549005373e-33
3.778592964824120486e+02	7.048301593048702438e-34
4.532311557788945038e+02	3.045822053937975571e-34
5.286030150753769021e+02	1.502388131624234204e-34
6.039748743718593005e+02	8.151442375032201978e-35
6.793467336683416988e+02	4.757322115888954084e-35
7.547185929648240972e+02	2.941774702917388464e-35
8.300904522613064955e+02	1.906689943598196855e-35
9.054623115577890076e+02	1.279379601015597550e-35
9.808341708542714059e+02	8.903263992529182393e-36
1.056206030150753804e+03	9.683366529503523245e-18
1.131577889447236203e+03	2.693815953618486432e-15
1.206949748743718601e+03	2.176185622724225180e-18
1.282321608040200999e+03	3.177057687075948340e-18
1.357693467336683398e+03	3.012200959200275314e-18
1.433065326633165796e+03	7.257156193466514692e-18
1.508437185929648194e+03	6.454786303775438632e-17
1.583809045226130593e+03	3.737917048541751672e-18
1.659180904522612991e+03	4.709310852240685137e-20
1.734552763819095389e+03	6.884016006495470555e-15
1.809924623115578015e+03	1.083558404421244595e-15
1.885296482412060413e+03	1.604346787309641705e-14
1.960668341708542812e+03	1.300593775149606617e-17
2.036040201005025210e+03	3.647840124272678130e-20
2.111412060301507609e+03	1.020895943065394094e-17
2.186783919597990007e+03	9.786035231764935807e-19
2.262155778894472405e+03	6.739023303040052058e-19
2.337527638190954804e+03	1.019416776117352532e-20
2.412899497487437202e+03	4.978977233425785423e-21
2.488271356783919600e+03	1.913387963618533972e-19
2.563643216080401999e+03	1.089414735419982588e-18
2.639015075376884397e+03	4.371038148454657566e-17
2.714386934673366795e+03	1.180357785207522325e-19
2.789758793969849194e+03	4.165004359171579115e-21
2.865130653266331592e+03	1.473926773498590571e-20
2.940502512562813990e+03	2.262937668051997208e-22
3.015874371859296389e+03	6.277218252076367272e-23
3.091246231155778787e+03	4.181011969194589006e-23
3.166618090452261185e+03	3.372062916127593751e-23
3.241989949748743584e+03	2.229088113475848519e-23
3.317361809045225982e+03	2.813852346616289084e-23
3.392733668341708380e+03	2.419603447354385737e-23
3.468105527638190779e+03	6.632714587550768408e-23
3.543477386934673177e+03	1.673227552573095923e-22
3.618849246231156030e+03	8.636381207119035140e-22
3.694221105527638429e+03	6.096021850131920287e-20
3.769592964824120827e+03	4.202441623232091094e-21
3.844964824120603225e+03	1.379276687901136242e-21
3.920336683417085624e+03	1.283202244168089418e-21
3.995708542713568022e+03	7.410227379349346429e-22
4.071080402010050420e+03	2.349062366250892995e-21
4.146452261306532819e+03	6.668509776887428637e-19
4.221824120603015217e+03	4.961219091274706704e-21
4.297195979899497615e+03	1.204701044829301107e-21
4.372567839195980014e+03	6.820902809550594717e-22
4.447939698492462412e+03	6.592219408980341893e-22
4.523311557788944810e+03	1.291278759864033563e-20
4.598683417085427209e+03	9.653115188851046329e-21
4.674055276381909607e+03	5.418332535322727527e-21
4.749427135678392006e+03	2.494002180287057603e-21
4.824798994974874404e+03	4.876437096631803462e-22
4.900170854271356802e+03	7.352065970406757963e-22
4.975542713567839201e+03	3.834651841455117640e-21
5.050914572864321599e+03	6.406547845906992431e-20
5.126286432160803997e+03	1.109998278073554968e-19
5.201658291457286396e+03	1.557819477756446903e-21
5.277030150753768794e+03	4.010364425213145098e-22
5.352402010050251192e+03	1.862774449400525447e-22
5.427773869346733591e+03	1.312854674081986469e-22
5.503145728643215989e+03	8.960879978192519567e-23
5.578517587939698387e+03	1.218709647751662011e-22
5.653889447236180786e+03	3.526814494443745106e-22
5.729261306532663184e+03	4.986609202020009581e-21
5.804633165829145582e+03	1.774938758059670490e-21
5.880005025125627981e+03	5.192966408563050531e-22
5.955376884422110379e+03	3.935092763677691475e-23
6.030748743718592777e+03	1.046211437508209421e-23
6.106120603015075176e+03	4.158650011277495198e-24
6.181492462311557574e+03	1.800484184081841643e-24
6.256864321608039972e+03	8.101337550988932104e-25
6.332236180904522371e+03	6.833276712864848450e-25
6.407608040201004769e+03	4.008344815326477617e-25
6.482979899497487168e+03	3.190112643307187461e-25
6.558351758793969566e+03	2.253940287318833181e-25
6.633723618090451964e+03	1.437848316554678114e-25
6.709095477386934363e+03	1.262545861226461422e-25
6.784467336683416761e+03	1.159982727122356715e-25
6.859839195979899159e+03	9.743660251759780157e-26
6.935211055276381558e+03	6.791403073538819434e-26
7.010582914572863956e+03	3.618320293972155482e-26
7.085954773869346354e+03	6.003273815610884376e-26
7.161326633165828753e+03	6.651404683604922445e-26
7.236698492462312061e+03	3.095908400502013294e-26
7.312070351758794459e+03	4.938553683745420081e-26
7.387442211055276857e+03	2.965806051193846221e-26
7.462814070351759256e+03	5.994294144431322281e-26
7.538185929648241654e+03	3.007328655430185424e-26
7.613557788944724052e+03	2.979040475241294750e-26
7.688929648241206451e+03	1.328361414593429511e-26
7.764301507537688849e+03	1.428794655619876855e-26
7.839673366834171247e+03	1.748147746387148491e-26
7.915045226130653646e+03	1.117246356703056826e-26
7.990417085427136044e+03	7.235719515727792577e-27
8.065788944723618442e+03	1.125366326940235021e-26
8.141160804020100841e+03	5.498492693993945185e-27
8.216532663316582330e+03	7.272711015932553198e-27
8.291904522613065637e+03	9.845948212257085671e-27
8.367276381909547126e+03	6.903681911683507260e-27
8.442648241206030434e+03	1.049108863240767268e-26
8.518020100502511923e+03	3.279208960181785932e-27
8.593391959798995231e+03	5.189241192611522548e-27
8.668763819095476720e+03	7.900485366856668734e-27
8.744135678391960028e+03	3.182079373859582136e-27
8.819507537688441516e+03	1.894102942934784396e-27
8.894879396984924824e+03	5.478138772803652962e-27
8.970251256281406313e+03	7.708503998913953844e-27
9.045623115577889621e+03	5.165260195670803763e-27
9.120994974874371110e+03	4.884552772910313006e-27
9.196366834170854418e+03	2.223288289343607063e-27
9.271738693467335906e+03	2.871577143933568507e-27
9.347110552763819214e+03	3.544961536461667140e-27
9.422482412060300703e+03	3.679798837033489054e-27
9.497854271356784011e+03	1.262999535632739227e-27
9.573226130653265500e+03	5.591731966069910594e-28
9.648597989949748808e+03	1.771473104531525053e-27
9.723969849246232116e+03	4.044218910106909328e-27
9.799341708542713604e+03	1.253854294934547770e-27
9.874713567839196912e+03	2.043431394878201774e-27
9.950085427135678401e+03	1.793209036500257034e-27
1.002545728643216171e+04	1.203563627591978430e-27
1.010082914572864320e+04	1.152775833588029791e-27
1.017620100502512651e+04	1.574976017480381118e-27
1.025157286432160799e+04	5.563645592882380096e-28
1.032694472361809130e+04	3.393332184639904938e-28
1.040231658291457279e+04	1.096454863304438159e-27
1.047768844221105610e+04	1.817339251538311296e-27
1.055306030150753759e+04	9.202344205923891351e-28
1.062843216080402090e+04	1.675465421287327839e-27
1.070380402010050238e+04	1.222841569751852557e-27
1.077917587939698569e+04	1.179004817496887880e-27
1.085454773869346718e+04	6.636942909459277187e-28
1.092991959798995049e+04	1.366086093735267075e-27
1.100529145728643198e+04	5.582821635871392715e-28
1.108066331658291529e+04	9.081078097685819306e-28
1.115603517587939677e+04	1.249247092354839101e-27
1.123140703517588008e+04	1.012154807772981185e-27
1.130677889447236157e+04	7.821786057576139268e-28
1.138215075376884488e+04	1.870214719170776868e-28
1.145752261306532637e+04	5.434357560892070066e-28
1.153289447236180968e+04	8.268169195528786925e-28
1.160826633165829116e+04	3.196638639167260960e-28
1.168363819095477447e+04	2.949633683054300063e-28
1.175901005025125596e+04	2.825413050697453669e-28
1.183438190954773927e+04	3.679852235689388520e-28
1.190975376884422076e+04	2.017214149939014943e-28
1.198512562814070407e+04	5.848698201547229094e-28
1.206049748743718555e+04	4.444536005103021327e-28
1.213586934673366886e+04	2.360036950170720917e-28
1.221124120603015035e+04	1.787614478350251917e-28
1.228661306532663366e+04	1.119159864030875417e-28
1.236198492462311515e+04	9.115232147284986745e-29
1.243735678391959846e+04	2.452044689505852375e-28
1.251272864321607994e+04	3.125739384180969841e-28
1.258810050251256325e+04	1.013607800582263585e-28
1.266347236180904474e+04	1.768774706501537968e-28
1.273884422110552805e+04	2.270096093281927936e-28
1.281421608040200954e+04	2.540027356927554933e-28
1.288958793969849285e+04	1.592224681294590913e-28
1.296495979899497434e+04	1.662306666176149573e-28
1.304033165829145764e+04	2.270193375344735099e-28
1.311570351758793913e+04	2.046239871166575075e-28
1.319107537688442244e+04	2.257605917396592823e-28
1.326644723618090393e+04	1.229598875117427651e-28
1.334181909547738724e+04	2.007492889867987846e-28
1.341719095477386873e+04	2.742308416310369957e-28
1.349256281407035203e+04	1.086537839928349729e-28
1.356793467336683352e+04	1.765050277599257940e-28
1.364330653266331683e+04	2.458260624736122776e-28
1.371867839195979832e+04	7.654778825734053491e-29
1.379405025125628163e+04	1.107442952599138528e-28
1.386942211055276312e+04	1.659150028986551609e-28
1.394479396984924642e+04	1.548362187447641327e-28
1.402016582914572791e+04	1.612714038102440841e-28
1.409553768844221122e+04	6.080795213642545890e-29
1.417090954773869271e+04	1.064969785637988768e-28
1.424628140703517602e+04	9.289632989598478608e-29
1.432165326633165751e+04	1.795370364416944491e-28
1.439702512562814081e+04	1.343456304524424978e-28
1.447239698492462412e+04	1.503351231502421924e-28
1.454776884422110561e+04	8.288812790750098553e-29
1.462314070351758892e+04	1.154619997071052895e-28
1.469851256281407041e+04	1.527501354059661878e-28
1.477388442211055371e+04	1.153125612541350461e-28
1.484925628140703520e+04	9.651714614186963631e-29
1.492462814070351851e+04	1.083329036462360622e-28
1.500000000000000000e+04	1.941238869040310880e-28
