# Chain:	[5641.2, 4218.4, 3157.51, 2550.85, 2265.8, 1721.43, 1102.73, 9.4057]
# Electron_projectile_energy, keV	cross_section, cm^2
1.000000000000000000e+00	0.000000000000000000e+00
7.637185929648241256e+01	1.436961156362243795e-30
1.517437185929648251e+02	5.069904309752137670e-32
2.271155778894472519e+02	7.534841072775451911e-33
3.024874371859296502e+02	1.975942894549005373e-33
3.778592964824120486e+02	7.048301593048702438e-34
4.532311557788945038e+02	3.045822053937975571e-34
5.286030150753769021e+02	1.502388131624234204e-34
6.039748743718593005e+02	8.151442375032201978e-35
6.793467336683416988e+02	4.757322115888954084e-35
7.547185929648240972e+02	2.941774702917388464e-35
8.300904522613064955e+02	1.906689943598196855e-35
9.054623115577890076e+02	1.279379601015597550e-35
9.808341708542714059e+02	8.903263992529182393e-36
1.056206030150753804e+03	9.683366529503523245e-18
1.131577889447236203e+03	9.987383824843995937e-20
1.206949748743718601e+03	3.548342173329527193e-22
1.282321608040200999e+03	3.422220351098027397e-19
1.357693467336683398e+03	3.007156392044715730e-18
1.433065326633165796e+03	1.127674073904675939e-21
1.508437185929648194e+03	1.202423324616793663e-22
1.583809045226130593e+03	3.736517776308481448e-18
1.659180904522612991e+03	4.691999631568464982e-20
1.734552763819095389e+03	7.900072703703731442e-16
1.809924623115578015e+03	4.379620709675299432e-17
1.885296482412060413e+03	1.063933548978542232e-19
1.960668341708542812e+03	5.259797239854190385e-19
2.036040201005025210e+03	2.934536957538079660e-20
2.111412060301507609e+03	1.095634970329876148e-18
2.186783919597990007e+03	8.850904795760183321e-19
2.262155778894472405e+03	6.702468776165344689e-19
2.337527638190954804e+03	5.178046419198465027e-21
2.412899497487437202e+03	1.674124919962931587e-21
2.488271356783919600e+03	1.679846802793115458e-19
2.563643216080401999e+03	3.133536940585870761e-21
2.639015075376884397e+03	3.859534703793928106e-21
2.714386934673366795e+03	2.456330175489461051e-21
2.789758793969849194e+03	3.253083417860382326e-23
2.865130653266331592e+03	1.949375479388550923e-23
2.940502512562813990e+03	1.100394101730886333e-23
3.015874371859296389e+03	5.630793100053275474e-24
3.091246231155778787e+03	1.899380485071641222e-23
3.166618090452261185e+03	1.467038993019674913e-23
3.241989949748743584e+03	1.735715143684036694e-23
3.317361809045225982e+03	2.461874677749724818e-23
3.392733668341708380e+03	2.102683298997839851e-23
3.468105527638190779e+03	6.414263816723914916e-23
3.543477386934673177e+03	1.621620029211927314e-22
3.618849246231156030e+03	8.622966363768237013e-22
3.694221105527638429e+03	6.095776857941044483e-20
3.769592964824120827e+03	4.197046876169127996e-21
3.844964824120603225e+03	1.374409810389881552e-21
3.920336683417085624e+03	1.279687487188276891e-21
3.995708542713568022e+03	7.374438697786745014e-22
4.071080402010050420e+03	2.345250613187828299e-21
4.146452261306532819e+03	6.668450471176723973e-19
4.221824120603015217e+03	4.953520562776669539e-21
4.297195979899497615e+03	1.185367286320877294e-21
4.372567839195980014e+03	6.173384252397847828e-22
4.447939698492462412e+03	3.509316299083749875e-22
4.523311557788944810e+03	1.536199602591790168e-21
4.598683417085427209e+03	8.649556560640077222e-22
4.674055276381909607e+03	4.907802272331456648e-21
4.749427135678392006e+03	2.171811159534021812e-21
4.824798994974874404e+03	1.551525556258773275e-22
4.900170854271356802e+03	7.946939158721023063e-23
4.975542713567839201e+03	3.823125992292105031e-22
5.050914572864321599e+03	6.715937765633003273e-21
5.126286432160803997e+03	9.038523090170180706e-23
5.201658291457286396e+03	2.118412510673246986e-23
5.277030150753768794e+03	1.066436047020196091e-23
5.352402010050251192e+03	5.927823739495681400e-24
5.427773869346733591e+03	5.514340291605672493e-24
5.503145728643215989e+03	3.244209508213849981e-24
5.578517587939698387e+03	5.561410712783271183e-24
5.653889447236180786e+03	2.784834865412353040e-23
5.729261306532663184e+03	5.718488563231371235e-22
5.804633165829145582e+03	1.701671356854469783e-23
5.880005025125627981e+03	1.891325115142436090e-24
5.955376884422110379e+03	5.757748665116410202e-25
6.030748743718592777e+03	2.783098472960868383e-25
6.106120603015075176e+03	1.984235128768259575e-25
6.181492462311557574e+03	8.525084896153722686e-26
6.256864321608039972e+03	6.079929419765572264e-26
6.332236180904522371e+03	4.168098173391454695e-26
6.407608040201004769e+03	4.974736978087778851e-26
6.482979899497487168e+03	2.016265003911948787e-26
6.558351758793969566e+03	5.768809772994067175e-26
6.633723618090451964e+03	3.453453790579096213e-26
6.709095477386934363e+03	5.272369626565495054e-26
6.784467336683416761e+03	2.640739865617995458e-26
6.859839195979899159e+03	1.499272360466456202e-26
6.935211055276381558e+03	1.088771866133896843e-26
7.010582914572863956e+03	1.023906234561714365e-26
7.085954773869346354e+03	3.621970174633514541e-27
7.161326633165828753e+03	1.722268744052772812e-26
7.236698492462312061e+03	1.337722761323196091e-26
7.312070351758794459e+03	1.949414953174284114e-26
7.387442211055276857e+03	1.662567369209654448e-26
7.462814070351759256e+03	1.592770056671941324e-26
7.538185929648241654e+03	2.155579640922451992e-27
7.613557788944724052e+03	8.370083058911149496e-27
7.688929648241206451e+03	4.463065891173759958e-27
7.764301507537688849e+03	3.020909459460235726e-27
7.839673366834171247e+03	1.168693527777605711e-27
7.915045226130653646e+03	7.022511561581209761e-27
7.990417085427136044e+03	2.290764708257594399e-27
8.065788944723618442e+03	3.074586178833189026e-27
8.141160804020100841e+03	1.267111959498914009e-27
8.216532663316582330e+03	5.689663852099457394e-27
8.291904522613065637e+03	6.374806901654066418e-28
8.367276381909547126e+03	2.847161108307035078e-28
8.442648241206030434e+03	1.371628014892706566e-27
8.518020100502511923e+03	6.669293606073161434e-28
8.593391959798995231e+03	4.125389998127003245e-27
8.668763819095476720e+03	3.118262915693883062e-27
8.744135678391960028e+03	2.782125688590730641e-28
8.819507537688441516e+03	1.807757130033407874e-28
8.894879396984924824e+03	2.686253252083392369e-27
8.970251256281406313e+03	3.999089828199250402e-27
9.045623115577889621e+03	1.379571510208764255e-27
9.120994974874371110e+03	1.533349681353001806e-27
9.196366834170854418e+03	3.268728158036410080e-28
9.271738693467335906e+03	9.128695995936859305e-28
9.347110552763819214e+03	6.741122246223144553e-28
9.422482412060300703e+03	1.304425400710408928e-27
9.497854271356784011e+03	1.462955419377057760e-28
9.573226130653265500e+03	2.973899826297430616e-28
9.648597989949748808e+03	7.064555108361967823e-28
9.723969849246232116e+03	8.580057801338221576e-28
9.799341708542713604e+03	1.090870635085686063e-28
9.874713567839196912e+03	9.762471094388918856e-28
9.950085427135678401e+03	9.780951159195319773e-28
1.002545728643216171e+04	4.582029504072788030e-28
1.010082914572864320e+04	1.357028673439407152e-28
1.017620100502512651e+04	2.931059737263297432e-28
1.025157286432160799e+04	1.284524994895909187e-28
1.032694472361809130e+04	1.809834362944185548e-28
1.040231658291457279e+04	1.803793872983708319e-28
1.047768844221105610e+04	7.702845944600067606e-28
1.055306030150753759e+04	4.223351110127248770e-28
1.062843216080402090e+04	1.396569233562333985e-27
1.070380402010050238e+04	1.522307839779499562e-28
1.077917587939698569e+04	7.295838815882331893e-28
1.085454773869346718e+04	2.041857042137207033e-28
1.092991959798995049e+04	1.230052658026942836e-27
1.100529145728643198e+04	1.245695392616449919e-28
1.108066331658291529e+04	8.238281825437269274e-28
1.115603517587939677e+04	7.787284243335648948e-29
1.123140703517588008e+04	3.587297987559400824e-29
1.130677889447236157e+04	2.546181428900727051e-28
1.138215075376884488e+04	5.096569318312100890e-29
1.145752261306532637e+04	8.866481694134780663e-29
1.153289447236180968e+04	3.936768237790193941e-28
1.160826633165829116e+04	1.337696280961689341e-28
1.168363819095477447e+04	9.880906208139938074e-29
1.175901005025125596e+04	7.347782532121887865e-29
1.183438190954773927e+04	1.902925260423904998e-28
1.190975376884422076e+04	5.212436197426693307e-29
1.198512562814070407e+04	2.995791590452203222e-28
1.206049748743718555e+04	1.698120488427518285e-28
1.213586934673366886e+04	5.523356811325884199e-29
1.221124120603015035e+04	5.115576839360251972e-29
1.228661306532663366e+04	6.086635889106967462e-29
1.236198492462311515e+04	3.176493982064600660e-29
1.243735678391959846e+04	1.224579869244015860e-28
1.251272864321607994e+04	7.793170264318053104e-29
1.258810050251256325e+04	2.738620503778702341e-29
1.266347236180904474e+04	1.235277276497409954e-28
1.273884422110552805e+04	1.377815058350065341e-28
1.281421608040200954e+04	5.713648411755112684e-29
1.288958793969849285e+04	7.538853924159714515e-29
1.296495979899497434e+04	1.132334544523208856e-28
1.304033165829145764e+04	1.276771869629112396e-28
1.311570351758793913e+04	7.701752145868161454e-29
1.319107537688442244e+04	7.611393012900597140e-29
1.326644723618090393e+04	7.284395791192809449e-29
1.334181909547738724e+04	1.478281474998273268e-28
1.341719095477386873e+04	1.515551375731524708e-28
1.349256281407035203e+04	5.217786654987105317e-29
1.356793467336683352e+04	9.420146798217683358e-29
1.364330653266331683e+04	1.022111771623853959e-28
1.371867839195979832e+04	3.597484889701913909e-29
1.379405025125628163e+04	5.346840373656773519e-29
1.386942211055276312e+04	1.140041683774382834e-28
1.394479396984924642e+04	1.127280929660938439e-28
1.402016582914572791e+04	7.947831566779058118e-29
1.409553768844221122e+04	1.444769558324287453e-29
1.417090954773869271e+04	8.329751648085812366e-29
1.424628140703517602e+04	5.873586209447888165e-29
1.432165326633165751e+04	1.258917215529372033e-28
1.439702512562814081e+04	7.395631411542379519e-29
1.447239698492462412e+04	1.268901228538458172e-28
1.454776884422110561e+04	6.489914690949384977e-29
1.462314070351758892e+04	8.346969063783747154e-29
1.469851256281407041e+04	9.591994804425977442e-29
1.477388442211055371e+04	7.553380571110193780e-29
1.484925628140703520e+04	4.293139325393665077e-29
1.492462814070351851e+04	5.421060868531640207e-29
1.500000000000000000e+04	1.387723898472506174e-28
