# Chain:	[5778.4, 3820.7, 3411.54, 2550.85, 2265.8, 1721.43, 1102.73, 9.4057]
# Electron_projectile_energy, keV	cross_section, cm^2
1.000000000000000000e+00	0.000000000000000000e+00
7.637185929648241256e+01	1.436961156362243795e-30
1.517437185929648251e+02	5.069904309752137670e-32
2.271155778894472519e+02	7.534841072775451911e-33
3.024874371859296502e+02	1.975942894549005373e-33
3.778592964824120486e+02	7.048301593048702438e-34
4.532311557788945038e+02	3.045822053937975571e-34
5.286030150753769021e+02	1.502388131624234204e-34
6.039748743718593005e+02	8.151442375032201978e-35
6.793467336683416988e+02	4.757322115888954084e-35
7.547185929648240972e+02	2.941774702917388464e-35
8.300904522613064955e+02	1.906689943598196855e-35
9.054623115577890076e+02	1.279379601015597550e-35
9.808341708542714059e+02	8.903263992529182393e-36
1.056206030150753804e+03	9.683366529503523245e-18
1.131577889447236203e+03	9.987383824843995937e-20
1.206949748743718601e+03	3.548342173329527193e-22
1.282321608040200999e+03	3.422220351098027397e-19
1.357693467336683398e+03	3.007156392044715730e-18
1.433065326633165796e+03	1.127674073904675939e-21
1.508437185929648194e+03	1.202423324616793663e-22
1.583809045226130593e+03	3.736517776308481448e-18
1.659180904522612991e+03	4.691999631568464982e-20
1.734552763819095389e+03	1.127233075425239628e-15
1.809924623115578015e+03	4.391929453426161017e-17
1.885296482412060413e+03	1.338028417967581744e-19
1.960668341708542812e+03	7.492106615816374493e-19
2.036040201005025210e+03	2.953033726043828738e-20
2.111412060301507609e+03	1.532804195649935231e-18
2.186783919597990007e+03	8.853483580020210850e-19
2.262155778894472405e+03	6.702657386368280264e-19
2.337527638190954804e+03	5.194580951111692436e-21
2.412899497487437202e+03	1.686846331805981139e-21
2.488271356783919600e+03	1.679890366749328197e-19
2.563643216080401999e+03	4.359447869121896707e-21
2.639015075376884397e+03	5.483468873097523230e-21
2.714386934673366795e+03	3.495468516158461046e-21
2.789758793969849194e+03	4.117485936393181269e-23
2.865130653266331592e+03	2.279010892500477414e-23
2.940502512562813990e+03	1.174385273137995582e-23
3.015874371859296389e+03	5.929356371219140413e-24
3.091246231155778787e+03	1.934248802909804852e-23
3.166618090452261185e+03	1.470211416564362483e-23
3.241989949748743584e+03	1.740320703397225484e-23
3.317361809045225982e+03	2.467829834088781387e-23
3.392733668341708380e+03	2.110204647373689868e-23
3.468105527638190779e+03	6.422214474690516492e-23
3.543477386934673177e+03	1.622016433526836939e-22
3.618849246231156030e+03	8.623397566501788034e-22
3.694221105527638429e+03	6.095781886853580479e-20
3.769592964824120827e+03	4.197167477556933809e-21
3.844964824120603225e+03	1.374496730379053933e-21
3.920336683417085624e+03	1.279798262495003748e-21
3.995708542713568022e+03	7.375021969390142654e-22
4.071080402010050420e+03	2.345294141597962208e-21
4.146452261306532819e+03	6.668451785495280082e-19
4.221824120603015217e+03	4.953701952881642180e-21
4.297195979899497615e+03	1.185838758137629042e-21
4.372567839195980014e+03	6.199727396865407998e-22
4.447939698492462412e+03	3.653444114829927069e-22
4.523311557788944810e+03	2.060918534031867370e-21
4.598683417085427209e+03	8.781448488158042966e-22
4.674055276381909607e+03	4.913843992937665184e-21
4.749427135678392006e+03	2.177986539991480765e-21
4.824798994974874404e+03	1.643895279624662793e-22
4.900170854271356802e+03	1.004099724103318898e-22
4.975542713567839201e+03	5.413784493808569401e-22
5.050914572864321599e+03	9.580997993140179535e-21
5.126286432160803997e+03	1.275954398461680488e-22
5.201658291457286396e+03	2.977510077519625699e-23
5.277030150753768794e+03	1.475215553145278634e-23
5.352402010050251192e+03	8.298217393448814283e-24
5.427773869346733591e+03	7.513825493791203671e-24
5.503145728643215989e+03	4.463672954963022202e-24
5.578517587939698387e+03	7.773105740334587139e-24
5.653889447236180786e+03	3.966546866538799203e-23
5.729261306532663184e+03	8.159043321641286519e-22
5.804633165829145582e+03	2.422879981548980509e-23
5.880005025125627981e+03	2.612231193067699823e-24
5.955376884422110379e+03	7.697690036794705967e-25
6.030748743718592777e+03	3.661491698343462717e-25
6.106120603015075176e+03	2.369834146973307734e-25
6.181492462311557574e+03	1.000370116933132257e-25
6.256864321608039972e+03	6.798558899171285465e-26
6.332236180904522371e+03	4.974377632794642799e-26
6.407608040201004769e+03	5.405856739315425961e-26
6.482979899497487168e+03	2.402536083928369700e-26
6.558351758793969566e+03	5.970045726674357368e-26
6.633723618090451964e+03	3.616053912335077822e-26
6.709095477386934363e+03	5.410974223433983197e-26
6.784467336683416761e+03	2.918126336923490580e-26
6.859839195979899159e+03	1.619835197241752780e-26
6.935211055276381558e+03	1.268508027926038756e-26
7.010582914572863956e+03	1.050904664508963754e-26
7.085954773869346354e+03	4.570336882807329113e-27
7.161326633165828753e+03	1.816755509768057549e-26
7.236698492462312061e+03	1.355214199792766404e-26
7.312070351758794459e+03	1.996391507474820648e-26
7.387442211055276857e+03	1.672432713138857025e-26
7.462814070351759256e+03	1.666954151868722228e-26
7.538185929648241654e+03	2.388765030102437117e-27
7.613557788944724052e+03	8.881833425011247808e-27
7.688929648241206451e+03	4.522404252626001581e-27
7.764301507537688849e+03	3.207059253040770075e-27
7.839673366834171247e+03	1.414528378053525999e-27
7.915045226130653646e+03	7.043176448417571646e-27
7.990417085427136044e+03	2.416136865994067301e-27
8.065788944723618442e+03	3.124268806574077008e-27
8.141160804020100841e+03	1.340280042475362683e-27
8.216532663316582330e+03	5.713905132673209861e-27
8.291904522613065637e+03	7.171142235449891174e-28
8.367276381909547126e+03	3.216882256585758504e-28
8.442648241206030434e+03	1.653583167021168102e-27
8.518020100502511923e+03	7.039245930911471293e-28
8.593391959798995231e+03	4.142777615720733384e-27
8.668763819095476720e+03	3.199059454829097636e-27
8.744135678391960028e+03	2.785611301085061623e-28
8.819507537688441516e+03	2.295550831997625320e-28
8.894879396984924824e+03	2.700931685289344614e-27
8.970251256281406313e+03	4.077707191370887489e-27
9.045623115577889621e+03	1.428542978615579537e-27
9.120994974874371110e+03	1.596434328280635737e-27
9.196366834170854418e+03	3.345575719061926753e-28
9.271738693467335906e+03	9.992278934900676926e-28
9.347110552763819214e+03	7.264499083601364444e-28
9.422482412060300703e+03	1.333391951519110997e-27
9.497854271356784011e+03	1.580144249892040038e-28
9.573226130653265500e+03	3.055407252811406262e-28
9.648597989949748808e+03	7.461342489063362061e-28
9.723969849246232116e+03	8.954215835069409139e-28
9.799341708542713604e+03	1.389220108962863173e-28
9.874713567839196912e+03	9.802507016713372294e-28
9.950085427135678401e+03	9.882124340040050537e-28
1.002545728643216171e+04	4.775796471717179425e-28
1.010082914572864320e+04	1.610474050770755558e-28
1.017620100502512651e+04	2.982490057323926640e-28
1.025157286432160799e+04	1.346876750660023439e-28
1.032694472361809130e+04	1.813947520507236122e-28
1.040231658291457279e+04	1.964851681065259765e-28
1.047768844221105610e+04	7.811733351225876533e-28
1.055306030150753759e+04	4.299135752142484933e-28
1.062843216080402090e+04	1.405091711678792924e-27
1.070380402010050238e+04	1.716805110358015467e-28
1.077917587939698569e+04	7.383636054486092418e-28
1.085454773869346718e+04	2.226391748036412636e-28
1.092991959798995049e+04	1.230548708120453472e-27
1.100529145728643198e+04	1.286105495511116088e-28
1.108066331658291529e+04	8.238831599521242388e-28
1.115603517587939677e+04	9.192365793934339000e-29
1.123140703517588008e+04	3.612179851580521555e-29
1.130677889447236157e+04	2.570822064688231873e-28
1.138215075376884488e+04	5.212033428336155614e-29
1.145752261306532637e+04	9.835701930825166004e-29
1.153289447236180968e+04	3.961493030192010184e-28
1.160826633165829116e+04	1.338414483556471479e-28
1.168363819095477447e+04	1.018554728646338722e-28
1.175901005025125596e+04	7.510909603052506145e-29
1.183438190954773927e+04	1.927443664537712225e-28
1.190975376884422076e+04	5.767746919336610054e-29
1.198512562814070407e+04	3.025819460938816031e-28
1.206049748743718555e+04	1.739234081140836509e-28
1.213586934673366886e+04	5.908448934654400613e-29
1.221124120603015035e+04	5.639008170486361286e-29
1.228661306532663366e+04	6.127359207697914724e-29
1.236198492462311515e+04	3.231032780389336711e-29
1.243735678391959846e+04	1.236254100305382314e-28
1.251272864321607994e+04	8.479147950517469200e-29
1.258810050251256325e+04	2.788205952230581752e-29
1.266347236180904474e+04	1.239451223031777250e-28
1.273884422110552805e+04	1.380705155542392871e-28
1.281421608040200954e+04	5.879257593487769191e-29
1.288958793969849285e+04	7.665272644493767824e-29
1.296495979899497434e+04	1.146057872943995428e-28
1.304033165829145764e+04	1.285606923181105224e-28
1.311570351758793913e+04	8.020019500589298965e-29
1.319107537688442244e+04	7.647168177558273790e-29
1.326644723618090393e+04	7.369682484492298082e-29
1.334181909547738724e+04	1.480988680912848845e-28
1.341719095477386873e+04	1.530274579556723515e-28
1.349256281407035203e+04	5.357678541458472153e-29
1.356793467336683352e+04	9.449296865007272409e-29
1.364330653266331683e+04	1.031653364894524806e-28
1.371867839195979832e+04	3.622040179921947385e-29
1.379405025125628163e+04	5.523164189945265132e-29
1.386942211055276312e+04	1.140895681944675809e-28
1.394479396984924642e+04	1.140009052584377222e-28
1.402016582914572791e+04	8.097311376054066882e-29
1.409553768844221122e+04	1.539210804089709275e-29
1.417090954773869271e+04	8.350680552695310682e-29
1.424628140703517602e+04	5.909163486657625821e-29
1.432165326633165751e+04	1.261477371761630444e-28
1.439702512562814081e+04	7.460295764299791693e-29
1.447239698492462412e+04	1.271417791592163561e-28
1.454776884422110561e+04	6.500148139109430624e-29
1.462314070351758892e+04	8.410219122657146962e-29
1.469851256281407041e+04	9.634964934206832896e-29
1.477388442211055371e+04	7.589671166979486729e-29
1.484925628140703520e+04	4.437556790609489061e-29
1.492462814070351851e+04	5.468942049139754168e-29
1.500000000000000000e+04	1.391979798268349477e-28
