# Chain:	[5641.2, 4870.0, 4218.4, 3603.06, 3157.51, 2841.2, 2640.63, 2510.15, 2338.06, 1102.73, 9.4057]
# Electron_projectile_energy, keV	cross_section, cm^2
1.000000000000000000e+00	0.000000000000000000e+00
7.637185929648241256e+01	1.436961156362243795e-30
1.517437185929648251e+02	5.069904309752137670e-32
2.271155778894472519e+02	7.534841072775451911e-33
3.024874371859296502e+02	1.975942894549005373e-33
3.778592964824120486e+02	7.048301593048702438e-34
4.532311557788945038e+02	3.045822053937975571e-34
5.286030150753769021e+02	1.502388131624234204e-34
6.039748743718593005e+02	8.151442375032201978e-35
6.793467336683416988e+02	4.757322115888954084e-35
7.547185929648240972e+02	2.941774702917388464e-35
8.300904522613064955e+02	1.906689943598196855e-35
9.054623115577890076e+02	1.279379601015597550e-35
9.808341708542714059e+02	8.903263992529182393e-36
1.056206030150753804e+03	9.683366529503523245e-18
1.131577889447236203e+03	3.235271330030926077e-15
1.206949748743718601e+03	2.613542509533501572e-18
1.282321608040200999e+03	3.746879063769797570e-18
1.357693467336683398e+03	3.013214951739635183e-18
1.433065326633165796e+03	8.715667609245584502e-18
1.508437185929648194e+03	7.752240131007290376e-17
1.583809045226130593e+03	3.738198311841717171e-18
1.659180904522612991e+03	4.712790526128959472e-20
1.734552763819095389e+03	6.884016010493932749e-15
1.809924623115578015e+03	1.083558413126837049e-15
1.885296482412060413e+03	1.604346787765805572e-14
1.960668341708542812e+03	1.300594821038476679e-17
2.036040201005025210e+03	3.649060704679884155e-20
2.111412060301507609e+03	1.020897497980279427e-17
2.186783919597990007e+03	9.786592741684968932e-19
2.262155778894472405e+03	6.744806981591263416e-19
2.337527638190954804e+03	1.110199575709205802e-20
2.412899497487437202e+03	5.503626835454692585e-21
2.488271356783919600e+03	1.956723191160994310e-19
2.563643216080401999e+03	1.093476813884974215e-18
2.639015075376884397e+03	4.371065688002433952e-17
2.714386934673366795e+03	1.181503915404924121e-19
2.789758793969849194e+03	4.662580997949456493e-21
2.865130653266331592e+03	1.762600019796652618e-20
2.940502512562813990e+03	2.537389366141044570e-22
3.015874371859296389e+03	6.717319471593538077e-23
3.091246231155778787e+03	4.316957869370794997e-23
3.166618090452261185e+03	3.428264365609781504e-23
3.241989949748743584e+03	2.267713665603057025e-23
3.317361809045225982e+03	2.837435238884963998e-23
3.392733668341708380e+03	2.431490696168549605e-23
3.468105527638190779e+03	6.643516522473586250e-23
3.543477386934673177e+03	1.674125613055987657e-22
3.618849246231156030e+03	8.637038198571819594e-22
3.694221105527638429e+03	6.096028081766835491e-20
3.769592964824120827e+03	4.202474881702863744e-21
3.844964824120603225e+03	1.379303050120229293e-21
3.920336683417085624e+03	1.283218116209491572e-21
3.995708542713568022e+03	7.410325344391333530e-22
4.071080402010050420e+03	2.349067489679015631e-21
4.146452261306532819e+03	6.668509858183896558e-19
4.221824120603015217e+03	4.961224860150039090e-21
4.297195979899497615e+03	1.204705077182964095e-21
4.372567839195980014e+03	6.820929971121065124e-22
4.447939698492462412e+03	6.592287410994854553e-22
4.523311557788944810e+03	1.291278928217545458e-20
4.598683417085427209e+03	9.653119684800741152e-21
4.674055276381909607e+03	5.418333654090761089e-21
4.749427135678392006e+03	2.494002489866268095e-21
4.824798994974874404e+03	4.876477342156070848e-22
4.900170854271356802e+03	7.352075175565332188e-22
4.975542713567839201e+03	3.834653744755852369e-21
5.050914572864321599e+03	6.406547875239976782e-20
5.126286432160803997e+03	1.109998278526457135e-19
5.201658291457286396e+03	1.557819511486295087e-21
5.277030150753768794e+03	4.010368751797233841e-22
5.352402010050251192e+03	1.862781348627087561e-22
5.427773869346733591e+03	1.312858900225371484e-22
5.503145728643215989e+03	8.960977086977253269e-23
5.578517587939698387e+03	1.218711320942617487e-22
5.653889447236180786e+03	3.526820086629694730e-22
5.729261306532663184e+03	4.986609385075110566e-21
5.804633165829145582e+03	1.774939118153262046e-21
5.880005025125627981e+03	5.192968461134717996e-22
5.955376884422110379e+03	3.935114732667627227e-23
6.030748743718592777e+03	1.046215346620509851e-23
6.106120603015075176e+03	4.158756721222732932e-24
6.181492462311557574e+03	1.800864438258315585e-24
6.256864321608039972e+03	8.104205254522825032e-25
6.332236180904522371e+03	6.835343002219749813e-25
6.407608040201004769e+03	4.012030880260243862e-25
6.482979899497487168e+03	3.190443149700226368e-25
6.558351758793969566e+03	2.255294650588239536e-25
6.633723618090451964e+03	1.438996439214124195e-25
6.709095477386934363e+03	1.263475028897631321e-25
6.784467336683416761e+03	1.160843546886302322e-25
6.859839195979899159e+03	9.746846930876742582e-26
6.935211055276381558e+03	6.796474198374575120e-26
7.010582914572863956e+03	3.622043271394165221e-26
7.085954773869346354e+03	6.006627675788187800e-26
7.161326633165828753e+03	6.658556657611805343e-26
7.236698492462312061e+03	3.096673660650238783e-26
7.312070351758794459e+03	4.951727665793673749e-26
7.387442211055276857e+03	2.969576723294957880e-26
7.462814070351759256e+03	5.998475173787824445e-26
7.538185929648241654e+03	3.008639811743443269e-26
7.613557788944724052e+03	2.981513122345286290e-26
7.688929648241206451e+03	1.330059961349127191e-26
7.764301507537688849e+03	1.429706187543522249e-26
7.839673366834171247e+03	1.749884022715221009e-26
7.915045226130653646e+03	1.119935247048196853e-26
7.990417085427136044e+03	7.249826499882862358e-27
8.065788944723618442e+03	1.127621959458113140e-26
8.141160804020100841e+03	5.543951677888972172e-27
8.216532663316582330e+03	7.285179328869923590e-27
8.291904522613065637e+03	9.878893999598124023e-27
8.367276381909547126e+03	6.919778395597102927e-27
8.442648241206030434e+03	1.052311413719178875e-26
8.518020100502511923e+03	3.288265023129491679e-27
8.593391959798995231e+03	5.209007194221866031e-27
8.668763819095476720e+03	7.915614541286007107e-27
8.744135678391960028e+03	3.195447276848341206e-27
8.819507537688441516e+03	1.900531502547004618e-27
8.894879396984924824e+03	5.489246736492617481e-27
8.970251256281406313e+03	7.723193763079177919e-27
9.045623115577889621e+03	5.181817234811942084e-27
9.120994974874371110e+03	4.911305214410999603e-27
9.196366834170854418e+03	2.236781899357935158e-27
9.271738693467335906e+03	2.883804346382594397e-27
9.347110552763819214e+03	3.558056644838586205e-27
9.422482412060300703e+03	3.692331195355513860e-27
9.497854271356784011e+03	1.272082530835711115e-27
9.573226130653265500e+03	5.734387311197500073e-28
9.648597989949748808e+03	1.782148157044818003e-27
9.723969849246232116e+03	4.061445057121236710e-27
9.799341708542713604e+03	1.271433238038323068e-27
9.874713567839196912e+03	2.054280839367486640e-27
9.950085427135678401e+03	1.804805986002891964e-27
1.002545728643216171e+04	1.208959161032218987e-27
1.010082914572864320e+04	1.164763512609194806e-27
1.017620100502512651e+04	1.585371533794773829e-27
1.025157286432160799e+04	5.728171713917434605e-28
1.032694472361809130e+04	3.442567034619489233e-28
1.040231658291457279e+04	1.106649507278537633e-27
1.047768844221105610e+04	1.829239467952603581e-27
1.055306030150753759e+04	9.274283127408125223e-28
1.062843216080402090e+04	1.687151892614878446e-27
1.070380402010050238e+04	1.236169689960725399e-27
1.077917587939698569e+04	1.184023659785438424e-27
1.085454773869346718e+04	6.769278646745771589e-28
1.092991959798995049e+04	1.377697159149386108e-27
1.100529145728643198e+04	5.611293743130189442e-28
1.108066331658291529e+04	9.169226355099391433e-28
1.115603517587939677e+04	1.254726366159531650e-27
1.123140703517588008e+04	1.018524575939303788e-27
1.130677889447236157e+04	7.870220783061337353e-28
1.138215075376884488e+04	1.945556454840389622e-28
1.145752261306532637e+04	5.496904832493578948e-28
1.153289447236180968e+04	8.323514331118004942e-28
1.160826633165829116e+04	3.272611285366180915e-28
1.168363819095477447e+04	3.027912977313681664e-28
1.175901005025125596e+04	2.890062840052581358e-28
1.183438190954773927e+04	3.733810429922559029e-28
1.190975376884422076e+04	2.100007341869196021e-28
1.198512562814070407e+04	5.896173470214953214e-28
1.206049748743718555e+04	4.496032108944142617e-28
1.213586934673366886e+04	2.412675559201749887e-28
1.221124120603015035e+04	1.846259326988187181e-28
1.228661306532663366e+04	1.173623876062672146e-28
1.236198492462311515e+04	9.644336655229475923e-29
1.243735678391959846e+04	2.492693257478155743e-28
1.251272864321607994e+04	3.183162059528790754e-28
1.258810050251256325e+04	1.061251778085603337e-28
1.266347236180904474e+04	1.826524024810493200e-28
1.273884422110552805e+04	2.313532598880650466e-28
1.281421608040200954e+04	2.579720250721869655e-28
1.288958793969849285e+04	1.635188655288423876e-28
1.296495979899497434e+04	1.713402611791007286e-28
1.304033165829145764e+04	2.320099816628794135e-28
1.311570351758793913e+04	2.085231569491067097e-28
1.319107537688442244e+04	2.304824310075587766e-28
1.326644723618090393e+04	1.277095920748485804e-28
1.334181909547738724e+04	2.050891589606999888e-28
1.341719095477386873e+04	2.774111632784911396e-28
1.349256281407035203e+04	1.120744924003697717e-28
1.356793467336683352e+04	1.800237241299919966e-28
1.364330653266331683e+04	2.503657674501269431e-28
1.371867839195979832e+04	8.009916681189288742e-29
1.379405025125628163e+04	1.135213009592450782e-28
1.386942211055276312e+04	1.690859570775706855e-28
1.394479396984924642e+04	1.585120774389985398e-28
1.402016582914572791e+04	1.652278531353484539e-28
1.409553768844221122e+04	6.359003498018477543e-29
1.417090954773869271e+04	1.103439783349989304e-28
1.424628140703517602e+04	9.603211639617044589e-29
1.432165326633165751e+04	1.823656051674840579e-28
1.439702512562814081e+04	1.380885158052652236e-28
1.447239698492462412e+04	1.530158373102101507e-28
1.454776884422110561e+04	8.612340199362643872e-29
1.462314070351758892e+04	1.187000640647601600e-28
1.469851256281407041e+04	1.559356241521501801e-28
1.477388442211055371e+04	1.178508399902602939e-28
1.484925628140703520e+04	9.986606061514536870e-29
1.492462814070351851e+04	1.110432326279893264e-28
1.500000000000000000e+04	1.967748671067788773e-28
