# Chain:	[5641.2, 4870.0, 4218.4, 3603.06, 3157.51, 2550.85, 2265.8, 1721.43, 1011.8, 9.4057]
# Electron_projectile_energy, keV	cross_section, cm^2
1.000000000000000000e+00	0.000000000000000000e+00
7.637185929648241256e+01	1.436961156362243795e-30
1.517437185929648251e+02	5.069904309752137670e-32
2.271155778894472519e+02	7.534841072775451911e-33
3.024874371859296502e+02	1.975942894549005373e-33
3.778592964824120486e+02	7.048301593048702438e-34
4.532311557788945038e+02	3.045822053937975571e-34
5.286030150753769021e+02	1.502388131624234204e-34
6.039748743718593005e+02	8.151442375032201978e-35
6.793467336683416988e+02	4.757322115888954084e-35
7.547185929648240972e+02	2.941774702917388464e-35
8.300904522613064955e+02	1.906689943598196855e-35
9.054623115577890076e+02	1.279379601015597550e-35
9.808341708542714059e+02	8.903263992529182393e-36
1.056206030150753804e+03	7.911258016613479351e-18
1.131577889447236203e+03	8.159638500572582226e-20
1.206949748743718601e+03	2.898987497133613879e-22
1.282321608040200999e+03	2.795935495413929384e-19
1.357693467336683398e+03	2.456830487987054375e-18
1.433065326633165796e+03	9.213036117274425306e-22
1.508437185929648194e+03	9.823733467103729952e-23
1.583809045226130593e+03	3.736509964107529700e-18
1.659180904522612991e+03	4.691166359536769959e-20
1.734552763819095389e+03	4.350555728750011041e-19
1.809924623115578015e+03	4.350799947264021702e-17
1.885296482412060413e+03	4.219131991294302171e-20
1.960668341708542812e+03	3.211483664612494485e-21
2.036040201005025210e+03	2.435617799038435185e-20
2.111412060301507609e+03	7.166708570213119448e-20
2.186783919597990007e+03	8.828164507352124456e-19
2.262155778894472405e+03	6.684271833604265534e-19
2.337527638190954804e+03	4.907176860371675358e-21
2.412899497487437202e+03	1.436359203360349488e-21
2.488271356783919600e+03	1.372732935335625074e-19
2.563643216080401999e+03	2.238276889153466157e-22
2.639015075376884397e+03	5.239378973680584960e-23
2.714386934673366795e+03	2.213822059609718989e-23
2.789758793969849194e+03	1.160147680915089580e-23
2.865130653266331592e+03	1.148042635514960917e-23
2.940502512562813990e+03	9.039172415935436526e-24
3.015874371859296389e+03	4.870650991549525842e-24
3.091246231155778787e+03	1.810800924157167402e-23
3.166618090452261185e+03	1.454824837700924677e-23
3.241989949748743584e+03	1.722458966128883053e-23
3.317361809045225982e+03	2.443516482133731801e-23
3.392733668341708380e+03	2.083223866897066341e-23
3.468105527638190779e+03	6.394588177425281536e-23
3.543477386934673177e+03	1.620589823601896602e-22
3.618849246231156030e+03	8.621862508802059020e-22
3.694221105527638429e+03	6.095764023497289989e-20
3.769592964824120827e+03	4.196753795178233010e-21
3.844964824120603225e+03	1.374203535500982909e-21
3.920336683417085624e+03	1.279425019967872399e-21
3.995708542713568022e+03	7.373034450643176326e-22
4.071080402010050420e+03	2.345147040249063791e-21
4.146452261306532819e+03	6.668447383771719645e-19
4.221824120603015217e+03	4.953094117478904593e-21
4.297195979899497615e+03	1.184262680128903638e-21
4.372567839195980014e+03	6.111694458447203039e-22
4.447939698492462412e+03	3.171849350158822433e-22
4.523311557788944810e+03	3.076352365436422702e-22
4.598683417085427209e+03	8.340739052960208324e-22
4.674055276381909607e+03	4.893655908456906824e-21
4.749427135678392006e+03	2.157351652666431724e-21
4.824798994974874404e+03	1.335252643089464596e-22
4.900170854271356802e+03	3.043937248615248277e-23
4.975542713567839201e+03	9.879511102458548280e-24
5.050914572864321599e+03	7.755669227248053749e-24
5.126286432160803997e+03	3.262033326247824258e-24
5.201658291457286396e+03	1.069175654753196248e-24
5.277030150753768794e+03	1.093012817123856502e-24
5.352402010050251192e+03	3.774275411984141746e-25
5.427773869346733591e+03	8.326180625880050402e-25
5.503145728643215989e+03	3.888866626219557818e-25
5.578517587939698387e+03	3.828963364462265582e-25
5.653889447236180786e+03	1.798938206637173309e-25
5.729261306532663184e+03	4.232797012209854120e-25
5.804633165829145582e+03	1.303890710821409744e-25
5.880005025125627981e+03	2.032237185987591283e-25
5.955376884422110379e+03	1.215419159932106749e-25
6.030748743718592777e+03	7.255036248273704861e-26
6.106120603015075176e+03	1.081060672138569910e-25
6.181492462311557574e+03	5.054885232465181450e-26
6.256864321608039972e+03	4.392031730499561359e-26
6.332236180904522371e+03	2.274981757983773024e-26
6.407608040201004769e+03	3.961386485881146969e-26
6.482979899497487168e+03	1.106381009851575698e-26
6.558351758793969566e+03	5.290044821714212090e-26
6.633723618090451964e+03	3.070873490494801727e-26
6.709095477386934363e+03	4.946708706983741445e-26
6.784467336683416761e+03	1.987907818587490509e-26
6.859839195979899159e+03	1.214158836628956386e-26
6.935211055276381558e+03	6.648375048110239852e-27
7.010582914572863956e+03	9.536094866872890199e-27
7.085954773869346354e+03	1.377758603992778080e-27
7.161326633165828753e+03	1.500415662533860261e-26
7.236698492462312061e+03	1.294359026638656236e-26
7.312070351758794459e+03	1.836313748344385053e-26
7.387442211055276857e+03	1.635620606219628673e-26
7.462814070351759256e+03	1.416984876271499734e-26
7.538185929648241654e+03	1.572448866076093994e-27
7.613557788944724052e+03	7.149462226298962169e-27
7.688929648241206451e+03	4.317069233265836230e-27
7.764301507537688849e+03	2.561324644770839997e-27
7.839673366834171247e+03	5.752873098607622251e-28
7.915045226130653646e+03	6.961975671301593184e-27
7.990417085427136044e+03	1.990442336381603513e-27
8.065788944723618442e+03	2.946324384100441848e-27
8.141160804020100841e+03	1.083457824568651807e-27
8.216532663316582330e+03	5.610561819168749110e-27
8.291904522613065637e+03	4.369889139469127425e-28
8.367276381909547126e+03	1.711951284474439966e-28
8.442648241206030434e+03	7.055296064728391622e-28
8.518020100502511923e+03	5.681219706802107795e-28
8.593391959798995231e+03	4.075139758789112933e-27
8.668763819095476720e+03	2.921363612345700810e-27
8.744135678391960028e+03	2.649611872168516520e-28
8.819507537688441516e+03	5.585051623086311511e-29
8.894879396984924824e+03	2.637750392547371618e-27
8.970251256281406313e+03	3.811539705805413365e-27
9.045623115577889621e+03	1.247651260351905455e-27
9.120994974874371110e+03	1.372883034438599055e-27
9.196366834170854418e+03	2.990916934358569512e-28
9.271738693467335906e+03	7.019122653496156550e-28
9.347110552763819214e+03	5.417112952789917550e-28
9.422482412060300703e+03	1.234306493273182880e-27
9.497854271356784011e+03	1.077557812724662829e-28
9.573226130653265500e+03	2.696175877824223939e-28
9.648597989949748808e+03	6.085383481458183813e-28
9.723969849246232116e+03	7.614424797402273337e-28
9.799341708542713604e+03	3.220547822641989490e-29
9.874713567839196912e+03	9.608951450807317905e-28
9.950085427135678401e+03	9.477480660593908349e-28
1.002545728643216171e+04	4.052161221710083120e-28
1.010082914572864320e+04	6.925429358485300331e-29
1.017620100502512651e+04	2.751969737181795192e-28
1.025157286432160799e+04	1.091143114195396952e-28
1.032694472361809130e+04	1.764111037971557288e-28
1.040231658291457279e+04	1.363966967177501831e-28
1.047768844221105610e+04	7.385314418186080620e-28
1.055306030150753759e+04	3.981814124691670193e-28
1.062843216080402090e+04	1.370559132250708639e-27
1.070380402010050238e+04	1.000158047744593714e-28
1.077917587939698569e+04	7.024971503453624077e-28
1.085454773869346718e+04	1.539928545599952658e-28
1.092991959798995049e+04	1.225746618764367198e-27
1.100529145728643198e+04	1.112790039795517144e-28
1.108066331658291529e+04	8.196280165580288519e-28
1.115603517587939677e+04	4.188378317717639820e-29
1.123140703517588008e+04	3.012476673910613355e-29
1.130677889447236157e+04	2.428053537369097678e-28
1.138215075376884488e+04	4.424153910576215268e-29
1.145752261306532637e+04	6.127031929489320112e-29
1.153289447236180968e+04	3.842377427244829938e-28
1.160826633165829116e+04	1.306401298842314509e-28
1.168363819095477447e+04	8.709433645165048801e-29
1.175901005025125596e+04	6.566828286213983581e-29
1.183438190954773927e+04	1.809088762261906080e-28
1.190975376884422076e+04	3.584848619474659129e-29
1.198512562814070407e+04	2.892514916238506437e-28
1.206049748743718555e+04	1.571034413793529716e-28
1.213586934673366886e+04	4.315169915577508854e-29
1.221124120603015035e+04	3.465367044235481653e-29
1.228661306532663366e+04	5.687118605734575205e-29
1.236198492462311515e+04	2.700786639739269717e-29
1.243735678391959846e+04	1.169652748905888610e-28
1.251272864321607994e+04	5.784594071231807925e-29
1.258810050251256325e+04	2.323799503319546008e-29
1.266347236180904474e+04	1.193478136653525110e-28
1.273884422110552805e+04	1.342800834935130799e-28
1.281421608040200954e+04	5.025816275469145786e-29
1.288958793969849285e+04	6.940117745649489480e-29
1.296495979899497434e+04	1.071061855596331306e-28
1.304033165829145764e+04	1.225983774485627825e-28
1.311570351758793913e+04	6.672184227740978275e-29
1.319107537688442244e+04	7.288088476515318356e-29
1.326644723618090393e+04	6.827731560297782594e-29
1.334181909547738724e+04	1.453409493172778427e-28
1.341719095477386873e+04	1.454558934759648312e-28
1.349256281407035203e+04	4.709180573011891928e-29
1.356793467336683352e+04	9.169707294992226569e-29
1.364330653266331683e+04	9.745524640176112742e-29
1.371867839195979832e+04	3.302852350739900266e-29
1.379405025125628163e+04	4.710704345248131549e-29
1.386942211055276312e+04	1.116677822655887999e-28
1.394479396984924642e+04	1.078433901651482966e-28
1.402016582914572791e+04	7.396143909288475154e-29
1.409553768844221122e+04	1.027316943834887107e-29
1.417090954773869271e+04	8.066124395337271130e-29
1.424628140703517602e+04	5.584799953354751608e-29
1.432165326633165751e+04	1.232433866871912191e-28
1.439702512562814081e+04	7.040834581287478205e-29
1.447239698492462412e+04	1.245583815473721346e-28
1.454776884422110561e+04	6.295887316924562060e-29
1.462314070351758892e+04	8.045933721888113578e-29
1.469851256281407041e+04	9.315941638645650687e-29
1.477388442211055371e+04	7.298401450699548919e-29
1.484925628140703520e+04	3.769530097858422587e-29
1.492462814070351851e+04	5.142590378756807342e-29
1.500000000000000000e+04	1.362990230565184266e-28
