# Chain:	[5641.2, 4870.0, 3603.06, 3157.51, 2841.2, 2640.63, 2510.15, 2271.3, 1102.73, 9.4057]
# Electron_projectile_energy, keV	cross_section, cm^2
1.000000000000000000e+00	0.000000000000000000e+00
7.637185929648241256e+01	1.436961156362243795e-30
1.517437185929648251e+02	5.069904309752137670e-32
2.271155778894472519e+02	7.534841072775451911e-33
3.024874371859296502e+02	1.975942894549005373e-33
3.778592964824120486e+02	7.048301593048702438e-34
4.532311557788945038e+02	3.045822053937975571e-34
5.286030150753769021e+02	1.502388131624234204e-34
6.039748743718593005e+02	8.151442375032201978e-35
6.793467336683416988e+02	4.757322115888954084e-35
7.547185929648240972e+02	2.941774702917388464e-35
8.300904522613064955e+02	1.906689943598196855e-35
9.054623115577890076e+02	1.279379601015597550e-35
9.808341708542714059e+02	8.903263992529182393e-36
1.056206030150753804e+03	9.683366529503523245e-18
1.131577889447236203e+03	2.427278411641009519e-15
1.206949748743718601e+03	1.960891741353157609e-18
1.282321608040200999e+03	2.896556660164894114e-18
1.357693467336683398e+03	3.011701809887519082e-18
1.433065326633165796e+03	6.539187428831467227e-18
1.508437185929648194e+03	5.816099961364409078e-17
1.583809045226130593e+03	3.737778593496540166e-18
1.659180904522612991e+03	4.707597943355729918e-20
1.734552763819095389e+03	6.884016004527182133e-15
1.809924623115578015e+03	1.083558400135818273e-15
1.885296482412060413e+03	1.604346787085089924e-14
1.960668341708542812e+03	1.300593260298963667e-17
2.036040201005025210e+03	3.647239279742002723e-20
2.111412060301507609e+03	1.020895177640929607e-17
2.186783919597990007e+03	9.785760791192017158e-19
2.262155778894472405e+03	6.736176221762844139e-19
2.337527638190954804e+03	9.747279147427172477e-21
2.412899497487437202e+03	4.720712524243678609e-21
2.488271356783919600e+03	1.892055707012767274e-19
2.563643216080401999e+03	1.087415131285377355e-18
2.639015075376884397e+03	4.371024591800330705e-17
2.714386934673366795e+03	1.179793589635902669e-19
2.789758793969849194e+03	3.920066622798917566e-21
2.865130653266331592e+03	1.331824098274001914e-20
2.940502512562813990e+03	2.127835711017447462e-22
3.015874371859296389e+03	6.060573441845424358e-23
3.091246231155778787e+03	4.114091060005425320e-23
3.166618090452261185e+03	3.344397116039309127e-23
3.241989949748743584e+03	2.210074247938631995e-23
3.317361809045225982e+03	2.802243400779127262e-23
3.392733668341708380e+03	2.413751814481525948e-23
3.468105527638190779e+03	6.627397212734020411e-23
3.543477386934673177e+03	1.672785472128271253e-22
3.618849246231156030e+03	8.636057795634814069e-22
3.694221105527638429e+03	6.096018782539047333e-20
3.769592964824120827e+03	4.202425251373142134e-21
3.844964824120603225e+03	1.379263710800188963e-21
3.920336683417085624e+03	1.283194430975930185e-21
3.995708542713568022e+03	7.410179154947801306e-22
4.071080402010050420e+03	2.349059844185368020e-21
4.146452261306532819e+03	6.668509736868321359e-19
4.221824120603015217e+03	4.961216251480481808e-21
4.297195979899497615e+03	1.204699059857537146e-21
4.372567839195980014e+03	6.820889438959877694e-22
4.447939698492462412e+03	6.592185934218454843e-22
4.523311557788944810e+03	1.291278676990110391e-20
4.598683417085427209e+03	9.653112975668883954e-21
4.674055276381909607e+03	5.418331984596490703e-21
4.749427135678392006e+03	2.494002027893184511e-21
4.824798994974874404e+03	4.876417285316631418e-22
4.900170854271356802e+03	7.352061439063184588e-22
4.975542713567839201e+03	3.834650904533771603e-21
5.050914572864321599e+03	6.406547831467498784e-20
5.126286432160803997e+03	1.109998277850608595e-19
5.201658291457286396e+03	1.557819461152547068e-21
5.277030150753768794e+03	4.010362295403120800e-22
5.352402010050251192e+03	1.862771053178104470e-22
5.427773869346733591e+03	1.312852593715036616e-22
5.503145728643215989e+03	8.960832175293305046e-23
5.578517587939698387e+03	1.218708824104462493e-22
5.653889447236180786e+03	3.526811741626870120e-22
5.729261306532663184e+03	4.986609111909062942e-21
5.804633165829145582e+03	1.774938580799521556e-21
5.880005025125627981e+03	5.192965398161398776e-22
5.955376884422110379e+03	3.935081949193557906e-23
6.030748743718592777e+03	1.046209513203401843e-23
6.106120603015075176e+03	4.158597482098273422e-24
6.181492462311557574e+03	1.800296999656422094e-24
6.256864321608039972e+03	8.099925891442565805e-25
6.332236180904522371e+03	6.832259558525522647e-25
6.407608040201004769e+03	4.006530308111635597e-25
6.482979899497487168e+03	3.189949947791645804e-25
6.558351758793969566e+03	2.253273586658911853e-25
6.633723618090451964e+03	1.437283140171048972e-25
6.709095477386934363e+03	1.262088467915863048e-25
6.784467336683416761e+03	1.159558978843250178e-25
6.859839195979899159e+03	9.742091572869685983e-26
6.935211055276381558e+03	6.788906754898973980e-26
7.010582914572863956e+03	3.616487616166875967e-26
7.085954773869346354e+03	6.001622839950216234e-26
7.161326633165828753e+03	6.647884043391295775e-26
7.236698492462312061e+03	3.095531692526126788e-26
7.312070351758794459e+03	4.932068641863552377e-26
7.387442211055276857e+03	2.963949895142552680e-26
7.462814070351759256e+03	5.992235985373041475e-26
7.538185929648241654e+03	3.006683223883823019e-26
7.613557788944724052e+03	2.977823286697259060e-26
7.688929648241206451e+03	1.327525285713895145e-26
7.764301507537688849e+03	1.428345943705753513e-26
7.839673366834171247e+03	1.747293044698258710e-26
7.915045226130653646e+03	1.115922719974229194e-26
7.990417085427136044e+03	7.228775192990948616e-27
8.065788944723618442e+03	1.124255966284287383e-26
8.141160804020100841e+03	5.476114994268337035e-27
8.216532663316582330e+03	7.266573347663466184e-27
8.291904522613065637e+03	9.829730275269228321e-27
8.367276381909547126e+03	6.895758235155928133e-27
8.442648241206030434e+03	1.047532371493228730e-26
8.518020100502511923e+03	3.274751010619869840e-27
8.593391959798995231e+03	5.179511154433952361e-27
8.668763819095476720e+03	7.893037859379206358e-27
8.744135678391960028e+03	3.175498872198254099e-27
8.819507537688441516e+03	1.890938411650877260e-27
8.894879396984924824e+03	5.472670751860452437e-27
8.970251256281406313e+03	7.701272796116097861e-27
9.045623115577889621e+03	5.157109805615867303e-27
9.120994974874371110e+03	4.871383580562950260e-27
9.196366834170854418e+03	2.216645906975088178e-27
9.271738693467335906e+03	2.865558165033372286e-27
9.347110552763819214e+03	3.538515321037898434e-27
9.422482412060300703e+03	3.673629641698380303e-27
9.497854271356784011e+03	1.258528328363113373e-27
9.573226130653265500e+03	5.521508256607113580e-28
9.648597989949748808e+03	1.766218189018032641e-27
9.723969849246232116e+03	4.035739144122567066e-27
9.799341708542713604e+03	1.245200861079136016e-27
9.874713567839196912e+03	2.038090632939230175e-27
9.950085427135678401e+03	1.787500306751649518e-27
1.002545728643216171e+04	1.200907615142074170e-27
1.010082914572864320e+04	1.146874762808223791e-27
1.017620100502512651e+04	1.569858706827038500e-27
1.025157286432160799e+04	5.482655746253968566e-28
1.032694472361809130e+04	3.369095772065820086e-28
1.040231658291457279e+04	1.091436434335838940e-27
1.047768844221105610e+04	1.811481235217406663e-27
1.055306030150753759e+04	9.166931456987934060e-28
1.062843216080402090e+04	1.669712623406412674e-27
1.070380402010050238e+04	1.216280651614533430e-27
1.077917587939698569e+04	1.176534235533095646e-27
1.085454773869346718e+04	6.571799143844044708e-28
1.092991959798995049e+04	1.360370415269343950e-27
1.100529145728643198e+04	5.568805918576348496e-28
1.108066331658291529e+04	9.037686119539286375e-28
1.115603517587939677e+04	1.246549857762025975e-27
1.123140703517588008e+04	1.009019217244234219e-27
1.130677889447236157e+04	7.797943515347239506e-28
1.138215075376884488e+04	1.833126896409185207e-28
1.145752261306532637e+04	5.403567957987905162e-28
1.153289447236180968e+04	8.240924925653583288e-28
1.160826633165829116e+04	3.159240243551442151e-28
1.168363819095477447e+04	2.911099813803854981e-28
1.175901005025125596e+04	2.793588459614343033e-28
1.183438190954773927e+04	3.653290703406260201e-28
1.190975376884422076e+04	1.976458263432255709e-28
1.198512562814070407e+04	5.825327962804273559e-28
1.206049748743718555e+04	4.419186464702901961e-28
1.213586934673366886e+04	2.334124998649979610e-28
1.221124120603015035e+04	1.758745887351739282e-28
1.228661306532663366e+04	1.092349337207093099e-28
1.236198492462311515e+04	8.854774460206256950e-29
1.243735678391959846e+04	2.432034971504660567e-28
1.251272864321607994e+04	3.097472421827786916e-28
1.258810050251256325e+04	9.901545130040505385e-29
1.266347236180904474e+04	1.740346950450928453e-28
1.273884422110552805e+04	2.248713981405814111e-28
1.281421608040200954e+04	2.520488080365176176e-28
1.288958793969849285e+04	1.571075178453238482e-28
1.296495979899497434e+04	1.637154108195406240e-28
1.304033165829145764e+04	2.245626364344064673e-28
1.311570351758793913e+04	2.027045766016493213e-28
1.319107537688442244e+04	2.234362128768663749e-28
1.326644723618090393e+04	1.206217916417608488e-28
1.334181909547738724e+04	1.986129388354533891e-28
1.341719095477386873e+04	2.726652922773179827e-28
1.349256281407035203e+04	1.069699015336616239e-28
1.356793467336683352e+04	1.747729096163096052e-28
1.364330653266331683e+04	2.435913412787460788e-28
1.371867839195979832e+04	7.479958193822758554e-29
1.379405025125628163e+04	1.093772827499237536e-28
1.386942211055276312e+04	1.643540647874273753e-28
1.394479396984924642e+04	1.530267356669352441e-28
1.402016582914572791e+04	1.593237968161849901e-28
1.409553768844221122e+04	5.943844034458302401e-29
1.417090954773869271e+04	1.046032493523586868e-28
1.424628140703517602e+04	9.135270347294787030e-29
1.432165326633165751e+04	1.781446414478878990e-28
1.439702512562814081e+04	1.325031527427282146e-28
1.447239698492462412e+04	1.490155112411754269e-28
1.454776884422110561e+04	8.129552759341258547e-29
1.462314070351758892e+04	1.138680258502517908e-28
1.469851256281407041e+04	1.511820424893708886e-28
1.477388442211055371e+04	1.140630647957876147e-28
1.484925628140703520e+04	9.486860506002841927e-29
1.492462814070351851e+04	1.069987135057053355e-28
1.500000000000000000e+04	1.928189118721955375e-28
