# Chain:	[6373.4, 5683.4, 5103.3, 4585.2, 4172.3, 2550.85, 2265.8, 1721.43, 1102.73, 9.4057]
# Electron_projectile_energy, keV	cross_section, cm^2
1.000000000000000000e+00	0.000000000000000000e+00
7.637185929648241256e+01	1.436961156362243795e-30
1.517437185929648251e+02	5.069904309752137670e-32
2.271155778894472519e+02	7.534841072775451911e-33
3.024874371859296502e+02	1.975942894549005373e-33
3.778592964824120486e+02	7.048301593048702438e-34
4.532311557788945038e+02	3.045822053937975571e-34
5.286030150753769021e+02	1.502388131624234204e-34
6.039748743718593005e+02	8.151442375032201978e-35
6.793467336683416988e+02	4.757322115888954084e-35
7.547185929648240972e+02	2.941774702917388464e-35
8.300904522613064955e+02	1.906689943598196855e-35
9.054623115577890076e+02	1.279379601015597550e-35
9.808341708542714059e+02	8.903263992529182393e-36
1.056206030150753804e+03	9.683366529503523245e-18
1.131577889447236203e+03	9.987383824843995937e-20
1.206949748743718601e+03	3.548342173329527193e-22
1.282321608040200999e+03	3.422220351098027397e-19
1.357693467336683398e+03	3.007156392044715730e-18
1.433065326633165796e+03	1.127674073904675939e-21
1.508437185929648194e+03	1.202423324616793663e-22
1.583809045226130593e+03	3.736517776308481448e-18
1.659180904522612991e+03	4.691999631568464982e-20
1.734552763819095389e+03	1.698171320979320229e-15
1.809924623115578015e+03	4.412768702548713593e-17
1.885296482412060413e+03	1.802083188599730794e-19
1.960668341708542812e+03	1.127150540304267162e-18
2.036040201005025210e+03	2.984349575545245605e-20
2.111412060301507609e+03	2.272951084687273279e-18
2.186783919597990007e+03	8.857849576153998342e-19
2.262155778894472405e+03	6.702976711807625014e-19
2.337527638190954804e+03	5.222574647027282375e-21
2.412899497487437202e+03	1.708384246312434601e-21
2.488271356783919600e+03	1.679964122459468644e-19
2.563643216080401999e+03	6.434969446214896595e-21
2.639015075376884397e+03	8.232861451066663976e-21
2.714386934673366795e+03	5.254775817724575574e-21
2.789758793969849194e+03	5.580957740703499615e-23
2.865130653266331592e+03	2.837098267824550393e-23
2.940502512562813990e+03	1.299655608196705266e-23
3.015874371859296389e+03	6.434837232028687131e-24
3.091246231155778787e+03	1.993282411588429647e-23
3.166618090452261185e+03	1.475582470337853026e-23
3.241989949748743584e+03	1.748118120270512591e-23
3.317361809045225982e+03	2.477912177910802954e-23
3.392733668341708380e+03	2.122938623782198181e-23
3.468105527638190779e+03	6.435675291278124844e-23
3.543477386934673177e+03	1.622687563614428520e-22
3.618849246231156030e+03	8.624127611855617251e-22
3.694221105527638429e+03	6.095790401025560522e-20
3.769592964824120827e+03	4.197371661055744134e-21
3.844964824120603225e+03	1.374643889776044922e-21
3.920336683417085624e+03	1.279985810002713132e-21
3.995708542713568022e+03	7.376009474085612442e-22
4.071080402010050420e+03	2.345367837127014510e-21
4.146452261306532819e+03	6.668454010694892082e-19
4.221824120603015217e+03	4.954009054374889733e-21
4.297195979899497615e+03	1.186636980835445990e-21
4.372567839195980014e+03	6.244327508894910818e-22
4.447939698492462412e+03	3.897458899654226189e-22
4.523311557788944810e+03	2.949290958783490121e-21
4.598683417085427209e+03	9.004747371491130727e-22
4.674055276381909607e+03	4.924072893903518806e-21
4.749427135678392006e+03	2.188441733013963001e-21
4.824798994974874404e+03	1.800281318327295305e-22
4.900170854271356802e+03	1.358633045599617615e-22
4.975542713567839201e+03	8.106839890277219854e-22
5.050914572864321599e+03	1.443167203759411006e-20
5.126286432160803997e+03	1.905939740419654611e-22
5.201658291457286396e+03	4.432000363324558509e-23
5.277030150753768794e+03	2.167297388364104866e-23
5.352402010050251192e+03	1.231139898801966609e-23
5.427773869346733591e+03	1.089904262793495426e-23
5.503145728643215989e+03	6.528278659413864051e-24
5.578517587939698387e+03	1.151760352135518656e-23
5.653889447236180786e+03	5.967237699091083910e-23
5.729261306532663184e+03	1.229101077804194573e-21
5.804633165829145582e+03	3.643918172249011568e-23
5.880005025125627981e+03	3.832757158667982553e-24
5.955376884422110379e+03	1.098209682483270820e-24
6.030748743718592777e+03	5.148650389906029934e-25
6.106120603015075176e+03	3.022670387976713661e-25
6.181492462311557574e+03	1.250706410360731171e-25
6.256864321608039972e+03	8.015230482499808939e-26
6.332236180904522371e+03	6.339444519959616608e-26
6.407608040201004769e+03	6.135761617321305968e-26
6.482979899497487168e+03	3.056510155387622351e-26
6.558351758793969566e+03	6.310747122043357088e-26
6.633723618090451964e+03	3.891343130570129286e-26
6.709095477386934363e+03	5.645637953716872285e-26
6.784467336683416761e+03	3.387753936275888719e-26
6.859839195979899159e+03	1.823953427447509609e-26
6.935211055276381558e+03	1.572809322008601579e-26
7.010582914572863956e+03	1.096614203920662756e-26
7.085954773869346354e+03	6.175963784397975825e-27
7.161326633165828753e+03	1.976725795069287996e-26
7.236698492462312061e+03	1.384827980951681085e-26
7.312070351758794459e+03	2.075924897543118120e-26
7.387442211055276857e+03	1.689135177986735911e-26
7.462814070351759256e+03	1.792551115460449758e-26
7.538185929648241654e+03	2.783558236884478284e-27
7.613557788944724052e+03	9.748249493423661745e-27
7.688929648241206451e+03	4.622866730508097882e-27
7.764301507537688849e+03	3.522219110216684743e-27
7.839673366834171247e+03	1.830737683535792319e-27
7.915045226130653646e+03	7.078163018419254301e-27
7.990417085427136044e+03	2.628397489903750949e-27
8.065788944723618442e+03	3.208383699004340571e-27
8.141160804020100841e+03	1.464156852313009262e-27
8.216532663316582330e+03	5.754946695902662549e-27
8.291904522613065637e+03	8.519373276891513470e-28
8.367276381909547126e+03	3.842836559543536469e-28
8.442648241206030434e+03	2.130945745649949418e-27
8.518020100502511923e+03	7.665591626038428659e-28
8.593391959798995231e+03	4.172215623531892248e-27
8.668763819095476720e+03	3.335851579302477799e-27
8.744135678391960028e+03	2.791512597641744008e-28
8.819507537688441516e+03	3.121407205434019466e-28
8.894879396984924824e+03	2.725782923766559081e-27
8.970251256281406313e+03	4.210809874280932396e-27
9.045623115577889621e+03	1.511453846749900326e-27
9.120994974874371110e+03	1.703239433638459248e-27
9.196366834170854418e+03	3.475682048439300888e-28
9.271738693467335906e+03	1.145436315464839158e-27
9.347110552763819214e+03	8.150599283577896848e-28
9.422482412060300703e+03	1.382433606844932695e-27
9.497854271356784011e+03	1.778550137845581071e-28
9.573226130653265500e+03	3.193402941148323706e-28
9.648597989949748808e+03	8.133121124031095605e-28
9.723969849246232116e+03	9.587681981895546613e-28
9.799341708542713604e+03	1.894339001479717050e-28
9.874713567839196912e+03	9.870289608995551195e-28
9.950085427135678401e+03	1.005341502273029941e-27
1.002545728643216171e+04	5.103852542441730728e-28
1.010082914572864320e+04	2.039568316121561915e-28
1.017620100502512651e+04	3.069563870370123153e-28
1.025157286432160799e+04	1.452441038770739072e-28
1.032694472361809130e+04	1.820911278699921198e-28
1.040231658291457279e+04	2.237529693840427106e-28
1.047768844221105610e+04	7.996084560326729423e-28
1.055306030150753759e+04	4.427442512489852652e-28
1.062843216080402090e+04	1.419520645143100186e-27
1.070380402010050238e+04	2.046097616342508971e-28
1.077917587939698569e+04	7.532280673674615991e-28
1.085454773869346718e+04	2.538817190130884022e-28
1.092991959798995049e+04	1.231388542930988774e-27
1.100529145728643198e+04	1.354521592095381982e-28
1.108066331658291529e+04	8.239762391430549871e-28
1.115603517587939677e+04	1.157123118126347183e-28
1.123140703517588008e+04	3.654305950999344412e-29
1.130677889447236157e+04	2.612539754007903532e-28
1.138215075376884488e+04	5.407519287998856142e-29
1.145752261306532637e+04	1.147663478114925960e-28
1.153289447236180968e+04	4.003353200392464219e-28
1.160826633165829116e+04	1.339630432405197919e-28
1.168363819095477447e+04	1.070131814437088045e-28
1.175901005025125596e+04	7.787090969612963708e-29
1.183438190954773927e+04	1.968954410212247797e-28
1.190975376884422076e+04	6.707912602247603436e-29
1.198512562814070407e+04	3.076657977554002995e-28
1.206049748743718555e+04	1.808841217191257780e-28
1.213586934673366886e+04	6.560426980148597886e-29
1.221124120603015035e+04	6.525200630795131627e-29
1.228661306532663366e+04	6.196305592348616137e-29
1.236198492462311515e+04	3.323369385012717852e-29
1.243735678391959846e+04	1.256019091300911343e-28
1.251272864321607994e+04	9.640538599682710797e-29
1.258810050251256325e+04	2.872156315814182076e-29
1.266347236180904474e+04	1.246517899649186367e-28
1.273884422110552805e+04	1.385598218278798188e-28
1.281421608040200954e+04	6.159641283729700627e-29
1.288958793969849285e+04	7.879305145301270858e-29
1.296495979899497434e+04	1.169292076656405667e-28
1.304033165829145764e+04	1.300565060722004268e-28
1.311570351758793913e+04	8.558860248829369441e-29
1.319107537688442244e+04	7.707737118125378633e-29
1.326644723618090393e+04	7.514076639125856894e-29
1.334181909547738724e+04	1.485572100603906961e-28
1.341719095477386873e+04	1.555201616678115863e-28
1.349256281407035203e+04	5.594521710136556815e-29
1.356793467336683352e+04	9.498649221028557618e-29
1.364330653266331683e+04	1.047807705517601017e-28
1.371867839195979832e+04	3.663613375410401250e-29
1.379405025125628163e+04	5.821688231736113866e-29
1.386942211055276312e+04	1.142341538725932810e-28
1.394479396984924642e+04	1.161558329247598279e-28
1.402016582914572791e+04	8.350387323309487025e-29
1.409553768844221122e+04	1.699104022096791821e-29
1.417090954773869271e+04	8.386114116497378842e-29
1.424628140703517602e+04	5.969397394998103893e-29
1.432165326633165751e+04	1.265811829818160723e-28
1.439702512562814081e+04	7.569775381695027517e-29
1.447239698492462412e+04	1.275678444463835109e-28
1.454776884422110561e+04	6.517473820747329789e-29
1.462314070351758892e+04	8.517304277775973370e-29
1.469851256281407041e+04	9.707715269858996334e-29
1.477388442211055371e+04	7.651112755449726766e-29
1.484925628140703520e+04	4.682061964833255370e-29
1.492462814070351851e+04	5.550007011671334278e-29
1.500000000000000000e+04	1.399185225392461342e-28
