# Chain:	[5641.2, 4218.4, 3157.51, 2841.2, 2640.63, 2265.8, 1738.19, 1102.73, 9.4057]
# Electron_projectile_energy, keV	cross_section, cm^2
1.000000000000000000e+00	0.000000000000000000e+00
7.637185929648241256e+01	1.436961156362243795e-30
1.517437185929648251e+02	5.069904309752137670e-32
2.271155778894472519e+02	7.534841072775451911e-33
3.024874371859296502e+02	1.975942894549005373e-33
3.778592964824120486e+02	7.048301593048702438e-34
4.532311557788945038e+02	3.045822053937975571e-34
5.286030150753769021e+02	1.502388131624234204e-34
6.039748743718593005e+02	8.151442375032201978e-35
6.793467336683416988e+02	4.757322115888954084e-35
7.547185929648240972e+02	2.941774702917388464e-35
8.300904522613064955e+02	1.906689943598196855e-35
9.054623115577890076e+02	1.279379601015597550e-35
9.808341708542714059e+02	8.903263992529182393e-36
1.056206030150753804e+03	9.683366529503523245e-18
1.131577889447236203e+03	9.987383824843995937e-20
1.206949748743718601e+03	3.548342173329527193e-22
1.282321608040200999e+03	3.422220351098027397e-19
1.357693467336683398e+03	3.007156392044715730e-18
1.433065326633165796e+03	1.127674073904675939e-21
1.508437185929648194e+03	1.202423324616793663e-22
1.583809045226130593e+03	3.736517776308481448e-18
1.659180904522612991e+03	4.691999631568464982e-20
1.734552763819095389e+03	6.884015986603302323e-15
1.809924623115578015e+03	7.627757078219214401e-17
1.885296482412060413e+03	4.684495194719529155e-16
1.960668341708542812e+03	4.806289117170946583e-18
2.036040201005025210e+03	3.279668976598671594e-20
2.111412060301507609e+03	9.031100208451782264e-18
2.186783919597990007e+03	8.923336738214647544e-19
2.262155778894472405e+03	6.706004667465879014e-19
2.337527638190954804e+03	5.482701375418009206e-21
2.412899497487437202e+03	1.917569881722881907e-21
2.488271356783919600e+03	1.681134564068967383e-19
2.563643216080401999e+03	5.573012042642738944e-20
2.639015075376884397e+03	1.306895147447152639e-18
2.714386934673366795e+03	2.404092514870109717e-20
2.789758793969849194e+03	2.325052518763949425e-22
2.865130653266331592e+03	8.777711159559597549e-23
2.940502512562813990e+03	2.628153476229049071e-23
3.015874371859296389e+03	1.189666283393013704e-23
3.091246231155778787e+03	2.557925148751707703e-23
3.166618090452261185e+03	1.570097228996334681e-23
3.241989949748743584e+03	1.825299200907984925e-23
3.317361809045225982e+03	2.573195062286017175e-23
3.392733668341708380e+03	2.242155433562941431e-23
3.468105527638190779e+03	6.558553622855971632e-23
3.543477386934673177e+03	1.629949255854346789e-22
3.618849246231156030e+03	8.630827280252073439e-22
3.694221105527638429e+03	6.095871325690787785e-20
3.769592964824120827e+03	4.199315206538482391e-21
3.844964824120603225e+03	1.376072840546331245e-21
3.920336683417085624e+03	1.281731126191971035e-21
3.995708542713568022e+03	7.385701090342137642e-22
4.071080402010050420e+03	2.346124692464545925e-21
4.146452261306532819e+03	6.668475247294995897e-19
4.221824120603015217e+03	4.956926542964739977e-21
4.297195979899497615e+03	1.194202025777001390e-21
4.372567839195980014e+03	6.654427881947489137e-22
4.447939698492462412e+03	6.127791065039425029e-22
4.523311557788944810e+03	1.107364191421358583e-20
4.598683417085427209e+03	1.352629795725235913e-21
4.674055276381909607e+03	5.028686385936677655e-21
4.749427135678392006e+03	2.289547903917658993e-21
4.824798994974874404e+03	3.269017371624820561e-22
4.900170854271356802e+03	4.659738703061226625e-22
4.975542713567839201e+03	3.273643615561985409e-21
5.050914572864321599e+03	5.865303217063644831e-20
5.126286432160803997e+03	3.977582413154416318e-21
5.201658291457286396e+03	2.167161977982993741e-22
5.277030150753768794e+03	9.376478750433837253e-23
5.352402010050251192e+03	5.277335496001534670e-23
5.427773869346733591e+03	4.426105094094042991e-23
5.503145728643215989e+03	2.715694320480832807e-23
5.578517587939698387e+03	4.775524801384087376e-23
5.653889447236180786e+03	2.446408438456971736e-22
5.729261306532663184e+03	4.982305473244428132e-21
5.804633165829145582e+03	1.948107302530556209e-22
5.880005025125627981e+03	2.962763826783010066e-23
5.955376884422110379e+03	5.109953060085207091e-24
6.030748743718592777e+03	2.116341924899995243e-24
6.106120603015075176e+03	9.903928958624670570e-25
6.181492462311557574e+03	3.946245237103635665e-25
6.256864321608039972e+03	2.086864801521824136e-25
6.332236180904522371e+03	2.018166870138733008e-25
6.407608040201004769e+03	1.355681159488425180e-25
6.482979899497487168e+03	9.664042402767177640e-26
6.558351758793969566e+03	9.786400563232705897e-26
6.633723618090451964e+03	6.623045934900224304e-26
6.709095477386934363e+03	7.917135489123355953e-26
6.784467336683416761e+03	7.767230246208981087e-26
6.859839195979899159e+03	3.854391494906228554e-26
6.935211055276381558e+03	4.407631416622552308e-26
7.010582914572863956e+03	1.572686069265373882e-26
7.085954773869346354e+03	2.190033081745731220e-26
7.161326633165828753e+03	3.522653159481189975e-26
7.236698492462312061e+03	1.695754555176806491e-26
7.312070351758794459e+03	2.858831147606049879e-26
7.387442211055276857e+03	1.873103525122676124e-26
7.462814070351759256e+03	3.022008831207755669e-26
7.538185929648241654e+03	7.058830473095483919e-27
7.613557788944724052e+03	1.796931657726497651e-26
7.688929648241206451e+03	5.758862437300436184e-27
7.764301507537688849e+03	6.613974293474840328e-27
7.839673366834171247e+03	5.954822946655152628e-27
7.915045226130653646e+03	7.502177859127969523e-27
7.990417085427136044e+03	4.632455037115443758e-27
8.065788944723618442e+03	4.181467391941393215e-27
8.141160804020100841e+03	2.667575359463276120e-27
8.216532663316582330e+03	6.159309599991339258e-27
8.291904522613065637e+03	2.298333039684491143e-27
8.367276381909547126e+03	1.124044631085358222e-27
8.442648241206030434e+03	6.579550824578853613e-27
8.518020100502511923e+03	1.390840473250841537e-27
8.593391959798995231e+03	4.458595273156096538e-27
8.668763819095476720e+03	4.673024165493164666e-27
8.744135678391960028e+03	3.670719007347386291e-28
8.819507537688441516e+03	1.085593491817049860e-27
8.894879396984924824e+03	3.023578244317229359e-27
8.970251256281406313e+03	5.484397722993234822e-27
9.045623115577889621e+03	2.346724954991113003e-27
9.120994974874371110e+03	2.733955089770661580e-27
9.196366834170854418e+03	5.150405325488367375e-28
9.271738693467335906e+03	2.483287002163043612e-27
9.347110552763819214e+03	1.674145974678151982e-27
9.422482412060300703e+03	1.880068149814811419e-27
9.497854271356784011e+03	3.831396968366224194e-28
9.573226130653265500e+03	4.459512488577252766e-28
9.648597989949748808e+03	1.432089379384872170e-27
9.723969849246232116e+03	1.604847320690007683e-27
9.799341708542713604e+03	6.633454266375476286e-28
9.874713567839196912e+03	1.076033731074201909e-27
9.950085427135678401e+03	1.177681592486986044e-27
1.002545728643216171e+04	8.191016045432259789e-28
1.010082914572864320e+04	6.082687591382633276e-28
1.017620100502512651e+04	4.192095381984887570e-28
1.025157286432160799e+04	2.479344415140632669e-28
1.032694472361809130e+04	1.921031111161014416e-28
1.040231658291457279e+04	4.881752420446252802e-28
1.047768844221105610e+04	9.901248572556980989e-28
1.055306030150753759e+04	5.687679841855159402e-28
1.062843216080402090e+04	1.552525459489499973e-27
1.070380402010050238e+04	5.227448715928817131e-28
1.077917587939698569e+04	8.959934823974594395e-28
1.085454773869346718e+04	5.394139936375180162e-28
1.092991959798995049e+04	1.241037872014224723e-27
1.100529145728643198e+04	2.077000715934187113e-28
1.108066331658291529e+04	8.259716320419663645e-28
1.115603517587939677e+04	3.577455913073003539e-28
1.123140703517588008e+04	6.778480209495665954e-29
1.130677889447236157e+04	3.125299094264336161e-28
1.138215075376884488e+04	7.409736750241496222e-29
1.145752261306532637e+04	2.710596649956282088e-28
1.153289447236180968e+04	4.488824569905299620e-28
1.160826633165829116e+04	1.393485358585220064e-28
1.168363819095477447e+04	1.568399597766452445e-28
1.175901005025125596e+04	1.072556914889031166e-28
1.183438190954773927e+04	2.377067448343474993e-28
1.190975376884422076e+04	1.527095605965015866e-28
1.198512562814070407e+04	3.598910569642319661e-28
1.206049748743718555e+04	2.492038614406903491e-28
1.213586934673366886e+04	1.273021653053130868e-28
1.221124120603015035e+04	1.458570706346672444e-28
1.228661306532663366e+04	6.870941808429848025e-29
1.236198492462311515e+04	4.229747608291463316e-29
1.243735678391959846e+04	1.459291118035978618e-28
1.251272864321607994e+04	2.042893242810043409e-28
1.258810050251256325e+04	3.755152877939650521e-29
1.266347236180904474e+04	1.315684728383659426e-28
1.273884422110552805e+04	1.448238143109162227e-28
1.281421608040200954e+04	9.135619030390929142e-29
1.288958793969849285e+04	9.938892040188412760e-29
1.296495979899497434e+04	1.381138926539445353e-28
1.304033165829145764e+04	1.453504158145182089e-28
1.311570351758793913e+04	1.360099878377384639e-28
1.319107537688442244e+04	8.606932717827958626e-29
1.326644723618090393e+04	8.857906912788723914e-29
1.334181909547738724e+04	1.534913431877802284e-28
1.341719095477386873e+04	1.805016490187223854e-28
1.349256281407035203e+04	7.787120345647111579e-29
1.356793467336683352e+04	1.012052271859909694e-28
1.364330653266331683e+04	1.224804802762390417e-28
1.371867839195979832e+04	4.095079514007516891e-29
1.379405025125628163e+04	8.567008065259142703e-29
1.386942211055276312e+04	1.165562194867087900e-28
1.394479396984924642e+04	1.357529985956102855e-28
1.402016582914572791e+04	1.075143411033860915e-28
1.409553768844221122e+04	3.196482350576873310e-29
1.417090954773869271e+04	8.708770854028355131e-29
1.424628140703517602e+04	6.551879877934272155e-29
1.432165326633165751e+04	1.315373134551625828e-28
1.439702512562814081e+04	8.651910669149944699e-29
1.447239698492462412e+04	1.315999733955752499e-28
1.454776884422110561e+04	6.674972708406929174e-29
1.462314070351758892e+04	9.502947579409039715e-29
1.469851256281407041e+04	1.046537791676364403e-28
1.477388442211055371e+04	8.269241688895942472e-29
1.484925628140703520e+04	6.934483012047362833e-29
1.492462814070351851e+04	6.379600340321833151e-29
1.500000000000000000e+04	1.474685171212151165e-28
