# Chain:	[5183.9, 3411.54, 2550.85, 2265.8, 1721.43, 1102.73, 9.4057]
# Electron_projectile_energy, keV	cross_section, cm^2
1.000000000000000000e+00	0.000000000000000000e+00
7.637185929648241256e+01	1.436961156362243795e-30
1.517437185929648251e+02	5.069904309752137670e-32
2.271155778894472519e+02	7.534841072775451911e-33
3.024874371859296502e+02	1.975942894549005373e-33
3.778592964824120486e+02	7.048301593048702438e-34
4.532311557788945038e+02	3.045822053937975571e-34
5.286030150753769021e+02	1.502388131624234204e-34
6.039748743718593005e+02	8.151442375032201978e-35
6.793467336683416988e+02	4.757322115888954084e-35
7.547185929648240972e+02	2.941774702917388464e-35
8.300904522613064955e+02	1.906689943598196855e-35
9.054623115577890076e+02	1.279379601015597550e-35
9.808341708542714059e+02	8.903263992529182393e-36
1.056206030150753804e+03	9.683366529503523245e-18
1.131577889447236203e+03	9.987383824843995937e-20
1.206949748743718601e+03	3.548342173329527193e-22
1.282321608040200999e+03	3.422220351098027397e-19
1.357693467336683398e+03	3.007156392044715730e-18
1.433065326633165796e+03	1.127674073904675939e-21
1.508437185929648194e+03	1.202423324616793663e-22
1.583809045226130593e+03	3.736517776308481448e-18
1.659180904522612991e+03	4.691999631568464982e-20
1.734552763819095389e+03	1.513750958839940221e-15
1.809924623115578015e+03	4.406037358309960923e-17
1.885296482412060413e+03	1.652187557121349917e-19
1.960668341708542812e+03	1.005071121306335216e-18
2.036040201005025210e+03	2.974234155268664201e-20
2.111412060301507609e+03	2.033874164590365935e-18
2.186783919597990007e+03	8.856439303511795005e-19
2.262155778894472405e+03	6.702873565602894893e-19
2.337527638190954804e+03	5.213532324887236312e-21
2.412899497487437202e+03	1.701427224210766991e-21
2.488271356783919600e+03	1.679940298420914701e-19
2.563643216080401999e+03	5.764549407171757370e-21
2.639015075376884397e+03	7.344772452228761191e-21
2.714386934673366795e+03	4.686497037671216131e-21
2.789758793969849194e+03	5.108237613380875286e-23
2.865130653266331592e+03	2.656828901278965699e-23
2.940502512562813990e+03	1.259191686333442395e-23
3.015874371859296389e+03	6.271560443109854720e-24
3.091246231155778787e+03	1.974213800270683954e-23
3.166618090452261185e+03	1.473847551211852103e-23
3.241989949748743584e+03	1.745599454802362342e-23
3.317361809045225982e+03	2.474655451787881393e-23
3.392733668341708380e+03	2.118825386389155130e-23
3.468105527638190779e+03	6.431327275202639625e-23
3.543477386934673177e+03	1.622470780004712242e-22
3.618849246231156030e+03	8.623891797860707065e-22
3.694221105527638429e+03	6.095787650839017060e-20
3.769592964824120827e+03	4.197305707171788183e-21
3.844964824120603225e+03	1.374596355406966321e-21
3.920336683417085624e+03	1.279925229756846846e-21
3.995708542713568022e+03	7.375690497427504681e-22
4.071080402010050420e+03	2.345344032527722410e-21
4.146452261306532819e+03	6.668453291926931259e-19
4.221824120603015217e+03	4.953909856661232538e-21
4.297195979899497615e+03	1.186379144685659948e-21
4.372567839195980014e+03	6.229921101764214115e-22
4.447939698492462412e+03	3.818639000418035610e-22
4.523311557788944810e+03	2.662335293152197919e-21
4.598683417085427209e+03	8.932618973629744445e-22
4.674055276381909607e+03	4.920768827946998995e-21
4.749427135678392006e+03	2.185064571826290142e-21
4.824798994974874404e+03	1.749766625861574420e-22
4.900170854271356802e+03	1.244114244223170999e-22
4.975542713567839201e+03	7.236948522260403666e-22
5.050914572864321599e+03	1.286484222567612499e-20
5.126286432160803997e+03	1.702446410254604903e-22
5.201658291457286396e+03	3.962181381455445054e-23
5.277030150753768794e+03	1.943746095951950555e-23
5.352402010050251192e+03	1.101508995851404765e-23
5.427773869346733591e+03	9.805574157989741677e-24
5.503145728643215989e+03	5.861384586972910417e-24
5.578517587939698387e+03	1.030808280316306065e-23
5.653889447236180786e+03	5.320988948475058545e-23
5.729261306532663184e+03	1.095633239453652253e-21
5.804633165829145582e+03	3.249507205619201046e-23
5.880005025125627981e+03	3.438511647302604029e-24
5.955376884422110379e+03	9.921191387196139626e-25
6.030748743718592777e+03	4.668279094774924102e-25
6.106120603015075176e+03	2.811795924895827672e-25
6.181492462311557574e+03	1.169844582921331049e-25
6.256864321608039972e+03	7.622229985949809585e-26
6.332236180904522371e+03	5.898510440598498329e-26
6.407608040201004769e+03	5.899992997899936491e-26
6.482979899497487168e+03	2.845268158503642039e-26
6.558351758793969566e+03	6.200696209874448479e-26
6.633723618090451964e+03	3.802421188984826825e-26
6.709095477386934363e+03	5.569838564804418172e-26
6.784467336683416761e+03	3.236058209780696308e-26
6.859839195979899159e+03	1.758020626086019243e-26
6.935211055276381558e+03	1.474516108528523928e-26
7.010582914572863956e+03	1.081849437543260704e-26
7.085954773869346354e+03	5.657325740865421104e-27
7.161326633165828753e+03	1.925053345068741687e-26
7.236698492462312061e+03	1.375262350538634856e-26
7.312070351758794459e+03	2.050234594410012131e-26
7.387442211055276857e+03	1.683740068025453171e-26
7.462814070351759256e+03	1.751981688399710040e-26
7.538185929648241654e+03	2.656034977176673914e-27
7.613557788944724052e+03	9.468386011962670525e-27
7.688929648241206451e+03	4.590416064088903143e-27
7.764301507537688849e+03	3.420418441852330374e-27
7.839673366834171247e+03	1.696296749791148468e-27
7.915045226130653646e+03	7.066861908430619231e-27
7.990417085427136044e+03	2.559834591141617353e-27
8.065788944723618442e+03	3.181213511958542512e-27
8.141160804020100841e+03	1.424143056935263977e-27
8.216532663316582330e+03	5.741689745588892072e-27
8.291904522613065637e+03	8.083877391221921246e-28
8.367276381909547126e+03	3.640645306578609757e-28
8.442648241206030434e+03	1.976751521829697105e-27
8.518020100502511923e+03	7.463273948392478025e-28
8.593391959798995231e+03	4.162706770160320965e-27
8.668763819095476720e+03	3.291665971962907581e-27
8.744135678391960028e+03	2.789606403308906605e-28
8.819507537688441516e+03	2.854645024672338274e-28
8.894879396984924824e+03	2.717755655607054031e-27
8.970251256281406313e+03	4.167816003796443376e-27
9.045623115577889621e+03	1.484672574964923214e-27
9.120994974874371110e+03	1.668740017349909543e-27
9.196366834170854418e+03	3.433656038503471387e-28
9.271738693467335906e+03	1.098209123490255342e-27
9.347110552763819214e+03	7.864377575636682958e-28
9.422482412060300703e+03	1.366592524371423760e-27
9.497854271356784011e+03	1.714462496157700215e-28
9.573226130653265500e+03	3.148828567273493436e-28
9.648597989949748808e+03	7.916128025210021023e-28
9.723969849246232116e+03	9.383064307198804171e-28
9.799341708542713604e+03	1.731179132953135779e-28
9.874713567839196912e+03	9.848394963974364572e-28
9.950085427135678401e+03	9.998085939455836485e-28
1.002545728643216171e+04	4.997886232011204647e-28
1.010082914572864320e+04	1.900965375393480552e-28
1.017620100502512651e+04	3.041437914086966407e-28
1.025157286432160799e+04	1.418342422337238961e-28
1.032694472361809130e+04	1.818661895657627831e-28
1.040231658291457279e+04	2.149451205045828417e-28
1.047768844221105610e+04	7.936536759828240334e-28
1.055306030150753759e+04	4.385997786387770739e-28
1.062843216080402090e+04	1.414859914923161690e-27
1.070380402010050238e+04	1.939731921494882924e-28
1.077917587939698569e+04	7.484266558813184776e-28
1.085454773869346718e+04	2.437899772842256119e-28
1.092991959798995049e+04	1.231117265536100167e-27
1.100529145728643198e+04	1.332422317074861495e-28
1.108066331658291529e+04	8.239461733728377579e-28
1.115603517587939677e+04	1.080282720827981230e-28
1.123140703517588008e+04	3.640698681612794082e-29
1.130677889447236157e+04	2.599064406311611734e-28
1.138215075376884488e+04	5.344374852829451669e-29
1.145752261306532637e+04	1.094659246420920587e-28
1.153289447236180968e+04	3.989831829547720969e-28
1.160826633165829116e+04	1.339237665361176354e-28
1.168363819095477447e+04	1.053471755466274374e-28
1.175901005025125596e+04	7.697880852697781731e-29
1.183438190954773927e+04	1.955545907962509428e-28
1.190975376884422076e+04	6.404227051203117330e-29
1.198512562814070407e+04	3.060236485881636847e-28
1.206049748743718555e+04	1.786357221176161950e-28
1.213586934673366886e+04	6.349829725203314858e-29
1.221124120603015035e+04	6.238949121585540893e-29
1.228661306532663366e+04	6.174035027494191503e-29
1.236198492462311515e+04	3.293543479678877797e-29
1.243735678391959846e+04	1.249634746189226644e-28
1.251272864321607994e+04	9.265394552542404787e-29
1.258810050251256325e+04	2.845039273692060742e-29
1.266347236180904474e+04	1.244235272638204284e-28
1.273884422110552805e+04	1.384017696376744109e-28
1.281421608040200954e+04	6.069073762469654222e-29
1.288958793969849285e+04	7.810169907618585227e-29
1.296495979899497434e+04	1.161787131426288083e-28
1.304033165829145764e+04	1.295733390810758228e-28
1.311570351758793913e+04	8.384807789216247470e-29
1.319107537688442244e+04	7.688172574953211558e-29
1.326644723618090393e+04	7.467435478727699731e-29
1.334181909547738724e+04	1.484091597369373551e-28
1.341719095477386873e+04	1.547149864586210384e-28
1.349256281407035203e+04	5.518018334722528620e-29
1.356793467336683352e+04	9.482707778253000773e-29
1.364330653266331683e+04	1.042589646697703048e-28
1.371867839195979832e+04	3.650184701071320452e-29
1.379405025125628163e+04	5.725261144703344543e-29
1.386942211055276312e+04	1.141874508476553913e-28
1.394479396984924642e+04	1.154597637023842775e-28
1.402016582914572791e+04	8.268640552612217150e-29
1.409553768844221122e+04	1.647456465818826792e-29
1.417090954773869271e+04	8.374668621789059958e-29
1.424628140703517602e+04	5.949941071524028297e-29
1.432165326633165751e+04	1.264411744378644457e-28
1.439702512562814081e+04	7.534412063780817770e-29
1.447239698492462412e+04	1.274302199043840031e-28
1.454776884422110561e+04	6.511877403784805001e-29
1.462314070351758892e+04	8.482714401829582324e-29
1.469851256281407041e+04	9.684215980135091533e-29
1.477388442211055371e+04	7.631266335833707080e-29
1.484925628140703520e+04	4.603083663543351664e-29
1.492462814070351851e+04	5.523821991026271903e-29
1.500000000000000000e+04	1.396857780191609494e-28
