# Chain:	[5641.2, 4218.4, 3603.06, 3157.51, 2841.2, 2640.63, 2510.15, 1738.19, 9.4057]
# Electron_projectile_energy, keV	cross_section, cm^2
1.000000000000000000e+00	0.000000000000000000e+00
7.637185929648241256e+01	3.520775150441528262e-30
1.517437185929648251e+02	1.242204288533456371e-31
2.271155778894472519e+02	1.846151588308239064e-32
3.024874371859296502e+02	4.841363046605478992e-33
3.778592964824120486e+02	1.726941956068266359e-33
4.532311557788945038e+02	7.462731022819850271e-34
5.286030150753769021e+02	3.681081271209694061e-34
6.039748743718593005e+02	1.997228361198277215e-34
6.793467336683416988e+02	1.165616858473060065e-34
7.547185929648240972e+02	7.207799060100739179e-35
8.300904522613064955e+02	4.671682698794541275e-35
9.054623115577890076e+02	3.134676179167362912e-35
9.808341708542714059e+02	2.181436184543283628e-35
1.056206030150753804e+03	9.683366529503523245e-18
1.131577889447236203e+03	4.653224088706857750e-15
1.206949748743718601e+03	3.758884197223187519e-18
1.282321608040200999e+03	5.239116151032618777e-18
1.357693467336683398e+03	3.015870379630520578e-18
1.433065326633165796e+03	1.253518880278703562e-17
1.508437185929648194e+03	1.114998685903473090e-16
1.583809045226130593e+03	3.738934921926101149e-18
1.659180904522612991e+03	4.721903036891997566e-20
1.734552763819095389e+03	6.884016020965038114e-15
1.809924623115578015e+03	3.039127280840330766e-15
1.885296482412060413e+03	4.628133294111497844e-14
1.960668341708542812e+03	2.892494855100928175e-17
2.036040201005025210e+03	4.355247969754640579e-20
2.111412060301507609e+03	1.249560107396979946e-17
2.186783919597990007e+03	1.145753990879040204e-18
2.262155778894472405e+03	6.768194737541296307e-19
2.337527638190954804e+03	1.385809994369244788e-20
2.412899497487437202e+03	7.753736505447901842e-21
2.488271356783919600e+03	2.102557964760182951e-19
2.563643216080401999e+03	3.071710857276544832e-18
2.639015075376884397e+03	1.260322744051691063e-16
2.714386934673366795e+03	2.998283163341352011e-19
2.789758793969849194e+03	8.794444820470616606e-21
2.865130653266331592e+03	2.574898070326735507e-20
2.940502512562813990e+03	4.488418864852388464e-22
3.015874371859296389e+03	1.349625523609133551e-22
3.091246231155778787e+03	6.511046255351824684e-23
3.166618090452261185e+03	6.531016286301258104e-23
3.241989949748743584e+03	2.779728269069996766e-23
3.317361809045225982e+03	3.138637387875781100e-23
3.392733668341708380e+03	2.692310814631230157e-23
3.468105527638190779e+03	6.711452040274375165e-23
3.543477386934673177e+03	1.751825421611439330e-22
3.618849246231156030e+03	8.643195714551175241e-22
3.694221105527638429e+03	6.096276445754820453e-20
3.769592964824120827e+03	4.208310501885931382e-21
3.844964824120603225e+03	1.385337523617827947e-21
3.920336683417085624e+03	1.285962458794356911e-21
3.995708542713568022e+03	7.457251857125235614e-22
4.071080402010050420e+03	2.354734720773887508e-21
4.146452261306532819e+03	6.668576322789435769e-19
4.221824120603015217e+03	4.969517946470874986e-21
4.297195979899497615e+03	1.225059839496695288e-21
4.372567839195980014e+03	7.143938790361486517e-22
4.447939698492462412e+03	7.493465518743257413e-22
4.523311557788944810e+03	1.648335679252940171e-20
4.598683417085427209e+03	2.576792988219165127e-20
4.674055276381909607e+03	6.174797933570096144e-21
4.749427135678392006e+03	2.890934733635326376e-21
4.824798994974874404e+03	7.996892806440197569e-22
4.900170854271356802e+03	1.257898519032740118e-21
4.975542713567839201e+03	4.923800606780342261e-21
5.050914572864321599e+03	7.457338216727189577e-20
5.126286432160803997e+03	3.187764185451341665e-19
5.201658291457286396e+03	4.161482341257441283e-21
5.277030150753768794e+03	9.975813672991299362e-22
5.352402010050251192e+03	4.454626137943727619e-22
5.427773869346733591e+03	3.002350474552304386e-22
5.503145728643215989e+03	2.108490719656091601e-22
5.578517587939698387e+03	2.657607024562312436e-22
5.653889447236180786e+03	5.624317416999087869e-22
5.729261306532663184e+03	4.994963500376560956e-21
5.804633165829145582e+03	4.842650344648238377e-21
5.880005025125627981e+03	1.469955291597556978e-21
5.955376884422110379e+03	1.058261818148836744e-22
6.030748743718592777e+03	2.666464193928607404e-23
6.106120603015075176e+03	1.030896655825666170e-23
6.181492462311557574e+03	4.527570823175303427e-24
6.256864321608039972e+03	1.976071722082260853e-24
6.332236180904522371e+03	1.616901320183532726e-24
6.407608040201004769e+03	9.136052397029225042e-25
6.482979899497487168e+03	7.505298836191474317e-25
6.558351758793969566e+03	4.721671064498574964e-25
6.633723618090451964e+03	2.936580625377189362e-25
6.709095477386934363e+03	2.171023613061355730e-25
6.784467336683416761e+03	1.898856870703724208e-25
6.859839195979899159e+03	2.115803813769635782e-25
6.935211055276381558e+03	1.138870923928711858e-25
7.010582914572863956e+03	7.567297555142532004e-26
7.085954773869346354e+03	1.338617125615801226e-25
7.161326633165828753e+03	1.268247201004987932e-25
7.236698492462312061e+03	5.809592233149985767e-26
7.312070351758794459e+03	8.896629298028882963e-26
7.387442211055276857e+03	5.064441559158060585e-26
7.462814070351759256e+03	1.173953650612196396e-25
7.538185929648241654e+03	7.467513581427876717e-26
7.613557788944724052e+03	5.259092133124709298e-26
7.688929648241206451e+03	2.778983227485146355e-26
7.764301507537688849e+03	2.913140033559314554e-26
7.839673366834171247e+03	3.975484568671875244e-26
7.915045226130653646e+03	1.813567718791254242e-26
7.990417085427136044e+03	1.220458197419648749e-26
8.065788944723618442e+03	2.484762759981341184e-26
8.141160804020100841e+03	1.071996937772410991e-26
8.216532663316582330e+03	9.359000344323216362e-27
8.291904522613065637e+03	2.430015766635966557e-26
8.367276381909547126e+03	1.802724537670915648e-26
8.442648241206030434e+03	1.789165334049609846e-26
8.518020100502511923e+03	6.890654641753071125e-27
8.593391959798995231e+03	6.488359789813697424e-27
8.668763819095476720e+03	1.407501057252208948e-26
8.744135678391960028e+03	8.566490687674814166e-27
8.819507537688441516e+03	3.424943430862399191e-27
8.894879396984924824e+03	1.017641575181487863e-26
8.970251256281406313e+03	1.193773610035261751e-26
9.045623115577889621e+03	1.053725880478310277e-26
9.120994974874371110e+03	8.898217086347793000e-27
9.196366834170854418e+03	5.458239780260812595e-27
9.271738693467335906e+03	3.551567276975900104e-27
9.347110552763819214e+03	7.097934494288141218e-27
9.422482412060300703e+03	7.098164103538259433e-27
9.497854271356784011e+03	2.916329902880464984e-27
9.573226130653265500e+03	6.928256296323944344e-28
9.648597989949748808e+03	2.365889293593324719e-27
9.723969849246232116e+03	8.676055184507756930e-27
9.799341708542713604e+03	2.294115419625828473e-27
9.874713567839196912e+03	3.856041705201332306e-27
9.950085427135678401e+03	2.918171899357614214e-27
1.002545728643216171e+04	1.917383393989528511e-27
1.010082914572864320e+04	2.137497445168457477e-27
1.017620100502512651e+04	3.756033508600246987e-27
1.025157286432160799e+04	1.055791273188918156e-27
1.032694472361809130e+04	5.954340167158253960e-28
1.040231658291457279e+04	2.215816154077347558e-27
1.047768844221105610e+04	3.351446627064162238e-27
1.055306030150753759e+04	1.559133780927739720e-27
1.062843216080402090e+04	1.843561668187952340e-27
1.070380402010050238e+04	2.501534166823720331e-27
1.077917587939698569e+04	1.698139928011019807e-27
1.085454773869346718e+04	8.250485761815388701e-28
1.092991959798995049e+04	1.538730821406860765e-27
1.100529145728643198e+04	1.221717560048491990e-27
1.108066331658291529e+04	1.014330279392341626e-27
1.115603517587939677e+04	2.946944602970620560e-27
1.123140703517588008e+04	2.807114637284840745e-27
1.130677889447236157e+04	1.664716965947371148e-27
1.138215075376884488e+04	3.607514967024125230e-28
1.145752261306532637e+04	1.034458792079766994e-27
1.153289447236180968e+04	1.527124452974234481e-27
1.160826633165829116e+04	6.238484244196584264e-28
1.168363819095477447e+04	5.158419544457067843e-28
1.175901005025125596e+04	5.837997474655943712e-28
1.183438190954773927e+04	5.883227704819158180e-28
1.190975376884422076e+04	2.468695413242824904e-28
1.198512562814070407e+04	9.929772225542822556e-28
1.206049748743718555e+04	7.924155846622079303e-28
1.213586934673366886e+04	4.152480248990066860e-28
1.221124120603015035e+04	2.072230062084066451e-28
1.228661306532663366e+04	1.629036923751056496e-28
1.236198492462311515e+04	1.540440971519204583e-28
1.243735678391959846e+04	4.133902124501991984e-28
1.251272864321607994e+04	4.881193909486782234e-28
1.258810050251256325e+04	1.964663687296268528e-28
1.266347236180904474e+04	2.299626563950079034e-28
1.273884422110552805e+04	3.603332527643171916e-28
1.281421608040200954e+04	5.457966426615501152e-28
1.288958793969849285e+04	2.494361039504704820e-28
1.296495979899497434e+04	1.899567704999784529e-28
1.304033165829145764e+04	3.554318169542193723e-28
1.311570351758793913e+04	3.142834482122756968e-28
1.319107537688442244e+04	4.684431194238831750e-28
1.326644723618090393e+04	1.610208689915601492e-28
1.334181909547738724e+04	2.662856636646009028e-28
1.341719095477386873e+04	4.369914585454758317e-28
1.349256281407035203e+04	1.477558491718502539e-28
1.356793467336683352e+04	3.014424987439996683e-28
1.364330653266331683e+04	4.578745802220226395e-28
1.371867839195979832e+04	1.242074992205278918e-28
1.379405025125628163e+04	1.426517593810986278e-28
1.386942211055276312e+04	2.425899905934146594e-28
1.394479396984924642e+04	1.696837040602589508e-28
1.402016582914572791e+04	2.417411533121377871e-28
1.409553768844221122e+04	1.000018480906415473e-28
1.417090954773869271e+04	1.209438162771597895e-28
1.424628140703517602e+04	1.271085786805533702e-28
1.432165326633165751e+04	2.556414259661197598e-28
1.439702512562814081e+04	2.045915080469418586e-28
1.447239698492462412e+04	1.705172915251765068e-28
1.454776884422110561e+04	9.467946909796155919e-29
1.462314070351758892e+04	1.355732434831246889e-28
1.469851256281407041e+04	2.268864191017680276e-28
1.477388442211055371e+04	1.633118021321757258e-28
1.484925628140703520e+04	1.290437406639227413e-28
1.492462814070351851e+04	1.784285926958857341e-28
1.500000000000000000e+04	2.686908967041250794e-28
