# Chain:	[4629.8, 3603.06, 2841.2, 2640.63, 1721.43, 1102.73, 9.4057]
# Electron_projectile_energy, keV	cross_section, cm^2
1.000000000000000000e+00	0.000000000000000000e+00
7.637185929648241256e+01	1.436961156362243795e-30
1.517437185929648251e+02	5.069904309752137670e-32
2.271155778894472519e+02	7.534841072775451911e-33
3.024874371859296502e+02	1.975942894549005373e-33
3.778592964824120486e+02	7.048301593048702438e-34
4.532311557788945038e+02	3.045822053937975571e-34
5.286030150753769021e+02	1.502388131624234204e-34
6.039748743718593005e+02	8.151442375032201978e-35
6.793467336683416988e+02	4.757322115888954084e-35
7.547185929648240972e+02	2.941774702917388464e-35
8.300904522613064955e+02	1.906689943598196855e-35
9.054623115577890076e+02	1.279379601015597550e-35
9.808341708542714059e+02	8.903263992529182393e-36
1.056206030150753804e+03	9.683366529503523245e-18
1.131577889447236203e+03	9.987383824843995937e-20
1.206949748743718601e+03	3.548342173329527193e-22
1.282321608040200999e+03	3.422220351098027397e-19
1.357693467336683398e+03	3.007156392044715730e-18
1.433065326633165796e+03	1.127674073904675939e-21
1.508437185929648194e+03	1.202423324616793663e-22
1.583809045226130593e+03	3.736517776308481448e-18
1.659180904522612991e+03	4.691999631568464982e-20
1.734552763819095389e+03	6.844004457294069012e-15
1.809924623115578015e+03	4.600591640503556371e-17
1.885296482412060413e+03	5.984581793972384487e-19
1.960668341708542812e+03	4.533500643156970784e-18
2.036040201005025210e+03	3.266597502201215202e-20
2.111412060301507609e+03	8.943851864249503763e-18
2.186783919597990007e+03	8.897200044883684037e-19
2.262155778894472405e+03	6.705854773384070945e-19
2.337527638190954804e+03	5.474880197009428492e-21
2.412899497487437202e+03	1.902504214658335377e-21
2.488271356783919600e+03	1.680628878376922626e-19
2.563643216080401999e+03	2.514152447157750268e-20
2.639015075376884397e+03	3.301297653815677175e-20
2.714386934673366795e+03	2.111131000483897398e-20
2.789758793969849194e+03	1.877114383057376897e-22
2.865130653266331592e+03	7.867107259628047633e-23
2.940502512562813990e+03	2.428709838075406451e-23
3.015874371859296389e+03	1.099070677410559791e-23
3.091246231155778787e+03	2.525348886483445859e-23
3.166618090452261185e+03	1.523991465005452095e-23
3.241989949748743584e+03	1.818395784162657082e-23
3.317361809045225982e+03	2.568783755240024208e-23
3.392733668341708380e+03	2.237709211092142569e-23
3.468105527638190779e+03	6.556996846766407516e-23
3.543477386934673177e+03	1.628736419984444754e-22
3.618849246231156030e+03	8.630707468087000917e-22
3.694221105527638429e+03	6.095867138761468775e-20
3.769592964824120827e+03	4.199211955031927298e-21
3.844964824120603225e+03	1.375970228845555669e-21
3.920336683417085624e+03	1.281676164760552071e-21
3.995708542713568022e+03	7.384909796360016726e-22
4.071080402010050420e+03	2.346032050635830691e-21
4.146452261306532819e+03	6.668474066289325946e-19
4.221824120603015217e+03	4.956776942237496359e-21
4.297195979899497615e+03	1.193831315495229508e-21
4.372567839195980014e+03	6.646305719589201584e-22
4.447939698492462412e+03	6.096749935554272954e-22
4.523311557788944810e+03	1.095613985404139936e-20
4.598683417085427209e+03	1.101732719444964933e-21
4.674055276381909607e+03	5.016265382229623202e-21
4.749427135678392006e+03	2.282673778459517488e-21
4.824798994974874404e+03	3.209779571911675649e-22
4.900170854271356802e+03	4.554021212165476898e-22
4.975542713567839201e+03	3.237919124349721045e-21
5.050914572864321599e+03	5.815051453200286391e-20
5.126286432160803997e+03	7.583960915711280929e-22
5.201658291457286396e+03	1.754123655029493172e-22
5.277030150753768794e+03	8.404990638803782256e-23
5.352402010050251192e+03	4.848197083568023114e-23
5.427773869346733591e+03	4.140980738777676070e-23
5.503145728643215989e+03	2.513644956076444104e-23
5.578517587939698387e+03	4.526654381477205520e-23
5.653889447236180786e+03	2.399934758459620006e-22
5.729261306532663184e+03	4.953219267624541398e-21
5.804633165829145582e+03	1.464906423022992057e-22
5.880005025125627981e+03	1.483328656167426515e-23
5.955376884422110379e+03	4.058426380984706374e-24
6.030748743718592777e+03	1.855232501425078344e-24
6.106120603015075176e+03	8.906645384751171428e-25
6.181492462311557574e+03	3.506972834922630331e-25
6.256864321608039972e+03	1.898102056270105874e-25
6.332236180904522371e+03	1.864271282604856593e-25
6.407608040201004769e+03	1.271435174830011036e-25
6.482979899497487168e+03	8.950740351754680321e-26
6.558351758793969566e+03	9.381468944465746506e-26
6.633723618090451964e+03	6.372508812314469966e-26
6.709095477386934363e+03	7.760648479958691913e-26
6.784467336683416761e+03	7.620480122153040318e-26
6.859839195979899159e+03	3.663659141503080245e-26
6.935211055276381558e+03	4.315459152716405791e-26
7.010582914572863956e+03	1.508591618959897000e-26
7.085954773869346354e+03	2.064738548210748358e-26
7.161326633165828753e+03	3.418528654378388741e-26
7.236698492462312061e+03	1.651735264823036639e-26
7.312070351758794459e+03	2.792754707498675817e-26
7.387442211055276857e+03	1.839673520340972538e-26
7.462814070351759256e+03	2.924549229273284920e-26
7.538185929648241654e+03	6.341806403425556899e-27
7.613557788944724052e+03	1.755720702848133818e-26
7.688929648241206451e+03	5.528329189307438165e-27
7.764301507537688849e+03	6.362736537312793737e-27
7.839673366834171247e+03	5.582007899659932496e-27
7.915045226130653646e+03	7.393494935036492967e-27
7.990417085427136044e+03	4.541490123922841130e-27
8.065788944723618442e+03	3.966506322765759621e-27
8.141160804020100841e+03	2.580651320580579941e-27
8.216532663316582330e+03	6.124851913633024410e-27
8.291904522613065637e+03	2.067090108656821314e-27
8.367276381909547126e+03	9.484526215231223006e-28
8.442648241206030434e+03	6.433386848996837906e-27
8.518020100502511923e+03	1.331080887653893622e-27
8.593391959798995231e+03	4.437538672462942478e-27
8.668763819095476720e+03	4.568751025754668729e-27
8.744135678391960028e+03	2.844700639614873376e-28
8.819507537688441516e+03	1.056480257324911440e-27
8.894879396984924824e+03	2.949765687980239398e-27
8.970251256281406313e+03	5.410456598921354777e-27
9.045623115577889621e+03	2.258724669695318601e-27
9.120994974874371110e+03	2.665867624266156460e-27
9.196366834170854418e+03	4.648322813299315127e-28
9.271738693467335906e+03	2.463204302571602289e-27
9.347110552763819214e+03	1.613696874934957637e-27
9.422482412060300703e+03	1.824443188442381316e-27
9.497854271356784011e+03	3.566770844063051783e-28
9.573226130653265500e+03	4.437150038566075612e-28
9.648597989949748808e+03	1.418782281375668372e-27
9.723969849246232116e+03	1.529707544862345715e-27
9.799341708542713604e+03	6.446946144427938375e-28
9.874713567839196912e+03	1.048121016327099095e-27
9.950085427135678401e+03	1.159724796402159726e-27
1.002545728643216171e+04	8.060602790737558994e-28
1.010082914572864320e+04	5.906969924682500068e-28
1.017620100502512651e+04	3.854355073214758767e-28
1.025157286432160799e+04	2.403885815857655922e-28
1.032694472361809130e+04	1.883675225484437793e-28
1.040231658291457279e+04	4.695160732940259796e-28
1.047768844221105610e+04	9.657631265067492897e-28
1.055306030150753759e+04	5.583863866550533941e-28
1.062843216080402090e+04	1.549567781625008972e-27
1.070380402010050238e+04	5.013991783584141551e-28
1.077917587939698569e+04	8.872005964301940917e-28
1.085454773869346718e+04	5.354689493443293403e-28
1.092991959798995049e+04	1.238957925137798180e-27
1.100529145728643198e+04	1.971151883728695979e-28
1.108066331658291529e+04	8.248151564668149432e-28
1.115603517587939677e+04	3.301180629122244687e-28
1.123140703517588008e+04	4.033986030204228140e-29
1.130677889447236157e+04	2.988538856788825148e-28
1.138215075376884488e+04	7.169421949392767722e-29
1.145752261306532637e+04	2.626626693737392887e-28
1.153289447236180968e+04	4.380636475048947955e-28
1.160826633165829116e+04	1.350589708520545998e-28
1.168363819095477447e+04	1.534993083065214490e-28
1.175901005025125596e+04	1.027629753222511837e-28
1.183438190954773927e+04	2.343088341978999419e-28
1.190975376884422076e+04	1.518157111509478613e-28
1.198512562814070407e+04	3.534862565242180125e-28
1.206049748743718555e+04	2.436206278126379164e-28
1.213586934673366886e+04	1.243666711080905497e-28
1.221124120603015035e+04	1.451240163356489482e-28
1.228661306532663366e+04	6.817715339422702034e-29
1.236198492462311515e+04	4.155593821658524483e-29
1.243735678391959846e+04	1.434159803358224156e-28
1.251272864321607994e+04	2.010808484171230540e-28
1.258810050251256325e+04	3.628796050668382774e-29
1.266347236180904474e+04	1.310209444198273089e-28
1.273884422110552805e+04	1.429699107583605179e-28
1.281421608040200954e+04	8.686723144796721634e-29
1.288958793969849285e+04	9.808367602546012156e-29
1.296495979899497434e+04	1.378700600766012777e-28
1.304033165829145764e+04	1.435381882707388044e-28
1.311570351758793913e+04	1.341540051230300946e-28
1.319107537688442244e+04	8.253641449861302605e-29
1.326644723618090393e+04	8.815492740410917122e-29
1.334181909547738724e+04	1.526882195185142977e-28
1.341719095477386873e+04	1.779867549654677961e-28
1.349256281407035203e+04	7.729175387629643939e-29
1.356793467336683352e+04	9.943459129888446003e-29
1.364330653266331683e+04	1.193405836175090594e-28
1.371867839195979832e+04	4.038310163710799427e-29
1.379405025125628163e+04	8.512268024202394351e-29
1.386942211055276312e+04	1.155372961639522624e-28
1.394479396984924642e+04	1.355780704050328677e-28
1.402016582914572791e+04	1.063134608817090802e-28
1.409553768844221122e+04	3.140212278374758874e-29
1.417090954773869271e+04	8.705474762189378459e-29
1.424628140703517602e+04	6.512282100799123592e-29
1.432165326633165751e+04	1.304878047695390807e-28
1.439702512562814081e+04	8.556508793461362045e-29
1.447239698492462412e+04	1.314079460510860550e-28
1.454776884422110561e+04	6.673629179712675085e-29
1.462314070351758892e+04	9.482456540579963543e-29
1.469851256281407041e+04	1.036340980563776203e-28
1.477388442211055371e+04	8.204882211883910007e-29
1.484925628140703520e+04	6.885772851813751062e-29
1.492462814070351851e+04	6.280640794987580874e-29
1.500000000000000000e+04	1.464127320172909056e-28
