# Chain:	[5641.2, 4870.0, 3603.06, 2841.2, 2640.63, 2265.8, 1738.19, 1102.73, 9.4057]
# Electron_projectile_energy, keV	cross_section, cm^2
1.000000000000000000e+00	0.000000000000000000e+00
7.637185929648241256e+01	1.436961156362243795e-30
1.517437185929648251e+02	5.069904309752137670e-32
2.271155778894472519e+02	7.534841072775451911e-33
3.024874371859296502e+02	1.975942894549005373e-33
3.778592964824120486e+02	7.048301593048702438e-34
4.532311557788945038e+02	3.045822053937975571e-34
5.286030150753769021e+02	1.502388131624234204e-34
6.039748743718593005e+02	8.151442375032201978e-35
6.793467336683416988e+02	4.757322115888954084e-35
7.547185929648240972e+02	2.941774702917388464e-35
8.300904522613064955e+02	1.906689943598196855e-35
9.054623115577890076e+02	1.279379601015597550e-35
9.808341708542714059e+02	8.903263992529182393e-36
1.056206030150753804e+03	9.683366529503523245e-18
1.131577889447236203e+03	9.987383824843995937e-20
1.206949748743718601e+03	3.548342173329527193e-22
1.282321608040200999e+03	3.422220351098027397e-19
1.357693467336683398e+03	3.007156392044715730e-18
1.433065326633165796e+03	1.127674073904675939e-21
1.508437185929648194e+03	1.202423324616793663e-22
1.583809045226130593e+03	3.736517776308481448e-18
1.659180904522612991e+03	4.691999631568464982e-20
1.734552763819095389e+03	6.884015986603302323e-15
1.809924623115578015e+03	7.816725052710577412e-17
1.885296482412060413e+03	4.976685782976467634e-16
1.960668341708542812e+03	4.821671731198430786e-18
2.036040201005025210e+03	3.280348281518705875e-20
2.111412060301507609e+03	9.033309751766081393e-18
2.186783919597990007e+03	8.924949975252626469e-19
2.262155778894472405e+03	6.706012631353664442e-19
2.337527638190954804e+03	5.483067317755852283e-21
2.412899497487437202e+03	1.918416528500945330e-21
2.488271356783919600e+03	1.681165823447661844e-19
2.563643216080401999e+03	5.763142243459675385e-20
2.639015075376884397e+03	1.386442400806543658e-18
2.714386934673366795e+03	2.421619175464000569e-20
2.789758793969849194e+03	2.352387601218178720e-22
2.865130653266331592e+03	8.832139552018927046e-23
2.940502512562813990e+03	2.640061283935738879e-23
3.015874371859296389e+03	1.195103119796083612e-23
3.091246231155778787e+03	2.559701294168764605e-23
3.166618090452261185e+03	1.572953219343743422e-23
3.241989949748743584e+03	1.825696220443530794e-23
3.317361809045225982e+03	2.573426438423844479e-23
3.392733668341708380e+03	2.242377384625042594e-23
3.468105527638190779e+03	6.558591934626168731e-23
3.543477386934673177e+03	1.630022065135121060e-22
3.618849246231156030e+03	8.630831567755135797e-22
3.694221105527638429e+03	6.095871549917185171e-20
3.769592964824120827e+03	4.199320761356057265e-21
3.844964824120603225e+03	1.376078604988978065e-21
3.920336683417085624e+03	1.281733737904286762e-21
3.995708542713568022e+03	7.385746187851813438e-22
4.071080402010050420e+03	2.346130155784198031e-21
4.146452261306532819e+03	6.668475311314480734e-19
4.221824120603015217e+03	4.956934542033184756e-21
4.297195979899497615e+03	1.194221684521007394e-21
4.372567839195980014e+03	6.654739938877274016e-22
4.447939698492462412e+03	6.128661707616080299e-22
4.523311557788944810e+03	1.107709217411543196e-20
4.598683417085427209e+03	1.368201637265539474e-21
4.674055276381909607e+03	5.029417359787891379e-21
4.749427135678392006e+03	2.289931461509691908e-21
4.824798994974874404e+03	3.272032548896171282e-22
4.900170854271356802e+03	4.664789479184699758e-22
4.975542713567839201e+03	3.274696060916162906e-21
5.050914572864321599e+03	5.866318602988033978e-20
5.126286432160803997e+03	4.178358374428076343e-21
5.201658291457286396e+03	2.192321351726727981e-22
5.277030150753768794e+03	9.434123149174857691e-23
5.352402010050251192e+03	5.302380497465698978e-23
5.427773869346733591e+03	4.442430661469327895e-23
5.503145728643215989e+03	2.727409512537773040e-23
5.578517587939698387e+03	4.789428908075041716e-23
5.653889447236180786e+03	2.448435250530965106e-22
5.729261306532663184e+03	4.982313545420785404e-21
5.804633165829145582e+03	1.977750799874283281e-22
5.880005025125627981e+03	3.054626560109221497e-23
5.955376884422110379e+03	5.174187791258906128e-24
6.030748743718592777e+03	2.131998403021822446e-24
6.106120603015075176e+03	9.963356162710396179e-25
6.181492462311557574e+03	3.972583967606203218e-25
6.256864321608039972e+03	2.098121313066434290e-25
6.332236180904522371e+03	2.027180831580781383e-25
6.407608040201004769e+03	1.360623209280556272e-25
6.482979899497487168e+03	9.705728789064614131e-26
6.558351758793969566e+03	9.810199056882754334e-26
6.633723618090451964e+03	6.637488141040859077e-26
6.709095477386934363e+03	7.925881681054794166e-26
6.784467336683416761e+03	7.774339936729975606e-26
6.859839195979899159e+03	3.865410144115538247e-26
6.935211055276381558e+03	4.412056092494597944e-26
7.010582914572863956e+03	1.576488974691272811e-26
7.085954773869346354e+03	2.197155498818284361e-26
7.161326633165828753e+03	3.528456012289491726e-26
7.236698492462312061e+03	1.698374130692619314e-26
7.312070351758794459e+03	2.862609796063148158e-26
7.387442211055276857e+03	1.875118265691685361e-26
7.462814070351759256e+03	3.027545878325177163e-26
7.538185929648241654e+03	7.101883700329212656e-27
7.613557788944724052e+03	1.799126240982442832e-26
7.688929648241206451e+03	5.772820500860387789e-27
7.764301507537688849e+03	6.628285750933675243e-27
7.839673366834171247e+03	5.976285141900115118e-27
7.915045226130653646e+03	7.508812434233731491e-27
7.990417085427136044e+03	4.637207153342592914e-27
8.065788944723618442e+03	4.194524457857776393e-27
8.141160804020100841e+03	2.672461945244877545e-27
8.216532663316582330e+03	6.161281995991712653e-27
8.291904522613065637e+03	2.312185036014753766e-27
8.367276381909547126e+03	1.134737120616705870e-27
8.442648241206030434e+03	6.586590053137855097e-27
8.518020100502511923e+03	1.394298570554727205e-27
8.593391959798995231e+03	4.459781501675010741e-27
8.668763819095476720e+03	4.678937747551083040e-27
8.744135678391960028e+03	3.722281491628232418e-28
8.819507537688441516e+03	1.087050273877027325e-27
8.894879396984924824e+03	3.028079379051333485e-27
8.970251256281406313e+03	5.488433091378842021e-27
9.045623115577889621e+03	2.351858056997303471e-27
9.120994974874371110e+03	2.737739972101593258e-27
9.196366834170854418e+03	5.181193034559924264e-28
9.271738693467335906e+03	2.483901324621461131e-27
9.347110552763819214e+03	1.677533445437066059e-27
9.422482412060300703e+03	1.883327516081547888e-27
9.497854271356784011e+03	3.847055595468299170e-28
9.573226130653265500e+03	4.460305136585521328e-28
9.648597989949748808e+03	1.432626438787055786e-27
9.723969849246232116e+03	1.609262858924801383e-27
9.799341708542713604e+03	6.642891672067174298e-28
9.874713567839196912e+03	1.077747330086139587e-27
9.950085427135678401e+03	1.178728099083666127e-27
1.002545728643216171e+04	8.197725061512103528e-28
1.010082914572864320e+04	6.091783833171410173e-28
1.017620100502512651e+04	4.212807575977844990e-28
1.025157286432160799e+04	2.483595086526770735e-28
1.032694472361809130e+04	1.923333663928492487e-28
1.040231658291457279e+04	4.892212394592573690e-28
1.047768844221105610e+04	9.915656625544638588e-28
1.055306030150753759e+04	5.693602010897609244e-28
1.062843216080402090e+04	1.552647026190806916e-27
1.070380402010050238e+04	5.239338746497047243e-28
1.077917587939698569e+04	8.964775761049290588e-28
1.085454773869346718e+04	5.395236355453021159e-28
1.092991959798995049e+04	1.241164097627429500e-27
1.100529145728643198e+04	2.083311975442243536e-28
1.108066331658291529e+04	8.260434514044560776e-28
1.115603517587939677e+04	3.593669279791545463e-28
1.123140703517588008e+04	6.949701009290749165e-29
1.130677889447236157e+04	3.133657754579990187e-28
1.138215075376884488e+04	7.423889813588146009e-29
1.145752261306532637e+04	2.715122721031907871e-28
1.153289447236180968e+04	4.495398156410785502e-28
1.160826633165829116e+04	1.396159049950362367e-28
1.168363819095477447e+04	1.570260231711487787e-28
1.175901005025125596e+04	1.075241925333538881e-28
1.183438190954773927e+04	2.379007901492905231e-28
1.190975376884422076e+04	1.527242359847831210e-28
1.198512562814070407e+04	3.602688125770737319e-28
1.206049748743718555e+04	2.495220920916808192e-28
1.213586934673366886e+04	1.274569633990048374e-28
1.221124120603015035e+04	1.458640659964306835e-28
1.228661306532663366e+04	6.873964259576975661e-29
1.236198492462311515e+04	4.233974683702317128e-29
1.243735678391959846e+04	1.460774166492426126e-28
1.251272864321607994e+04	2.044388752063552904e-28
1.258810050251256325e+04	3.762676957267105269e-29
1.266347236180904474e+04	1.315995753359075360e-28
1.273884422110552805e+04	1.449374567666484188e-28
1.281421608040200954e+04	9.162427276084089495e-29
1.288958793969849285e+04	9.946107059546166177e-29
1.296495979899497434e+04	1.381189518533531916e-28
1.304033165829145764e+04	1.454570501371912327e-28
1.311570351758793913e+04	1.361023177134924440e-28
1.319107537688442244e+04	8.628732141252181534e-29
1.326644723618090393e+04	8.859923870130443762e-29
1.334181909547738724e+04	1.535394955554700200e-28
1.341719095477386873e+04	1.806478046160090742e-28
1.349256281407035203e+04	7.789702634004304878e-29
1.356793467336683352e+04	1.013136507683556886e-28
1.364330653266331683e+04	1.226695095508970363e-28
1.371867839195979832e+04	4.098443040190019406e-29
1.379405025125628163e+04	8.569120227676728801e-29
1.386942211055276312e+04	1.166192226997725433e-28
1.394479396984924642e+04	1.357544918873949561e-28
1.402016582914572791e+04	1.075782644603291558e-28
1.409553768844221122e+04	3.199296830556780462e-29
1.417090954773869271e+04	8.708821622838213091e-29
1.424628140703517602e+04	6.554089292934954350e-29
1.432165326633165751e+04	1.316009625667463081e-28
1.439702512562814081e+04	8.657389745181711154e-29
1.447239698492462412e+04	1.316101015024394942e-28
1.454776884422110561e+04	6.674980786204672985e-29
1.462314070351758892e+04	9.503758639449673099e-29
1.469851256281407041e+04	1.047142783881790075e-28
1.477388442211055371e+04	8.272992290171042958e-29
1.484925628140703520e+04	6.936455013394558738e-29
1.492462814070351851e+04	6.385425973280770553e-29
1.500000000000000000e+04	1.475313016530088681e-28
