# Chain:	[5641.2, 4218.4, 3603.06, 3157.51, 2841.2, 2640.63, 2510.15, 2338.06, 1102.73, 9.4057]
# Electron_projectile_energy, keV	cross_section, cm^2
1.000000000000000000e+00	0.000000000000000000e+00
7.637185929648241256e+01	1.436961156362243795e-30
1.517437185929648251e+02	5.069904309752137670e-32
2.271155778894472519e+02	7.534841072775451911e-33
3.024874371859296502e+02	1.975942894549005373e-33
3.778592964824120486e+02	7.048301593048702438e-34
4.532311557788945038e+02	3.045822053937975571e-34
5.286030150753769021e+02	1.502388131624234204e-34
6.039748743718593005e+02	8.151442375032201978e-35
6.793467336683416988e+02	4.757322115888954084e-35
7.547185929648240972e+02	2.941774702917388464e-35
8.300904522613064955e+02	1.906689943598196855e-35
9.054623115577890076e+02	1.279379601015597550e-35
9.808341708542714059e+02	8.903263992529182393e-36
1.056206030150753804e+03	9.683366529503523245e-18
1.131577889447236203e+03	3.480524739073496216e-15
1.206949748743718601e+03	2.811644277714145858e-18
1.282321608040200999e+03	4.004980915311937574e-18
1.357693467336683398e+03	3.013674241900662867e-18
1.433065326633165796e+03	9.376303577471432353e-18
1.508437185929648194e+03	8.339924708658537228e-17
1.583809045226130593e+03	3.738325710674862212e-18
1.659180904522612991e+03	4.714366652104677335e-20
1.734552763819095389e+03	6.884016012305044581e-15
1.809924623115578015e+03	1.083558417070054328e-15
1.885296482412060413e+03	1.604346787972425914e-14
1.960668341708542812e+03	1.300595294776151203e-17
2.036040201005025210e+03	3.649613569272089533e-20
2.111412060301507609e+03	1.020898202282412150e-17
2.186783919597990007e+03	9.786845267035014113e-19
2.262155778894472405e+03	6.747426711569547700e-19
2.337527638190954804e+03	1.151319845360699448e-20
2.412899497487437202e+03	5.741268031859407679e-21
2.488271356783919600e+03	1.976351978221607559e-19
2.563643216080401999e+03	1.095316741300486203e-18
2.639015075376884397e+03	4.371078162101444823e-17
2.714386934673366795e+03	1.182023057610107933e-19
2.789758793969849194e+03	4.887959435834359667e-21
2.865130653266331592e+03	1.893355204504720838e-20
2.940502512562813990e+03	2.661702869166618436e-22
3.015874371859296389e+03	6.916664291337577614e-23
3.091246231155778787e+03	4.378534865215746234e-23
3.166618090452261185e+03	3.453720936324744338e-23
3.241989949748743584e+03	2.285209194778731071e-23
3.317361809045225982e+03	2.848117162042322102e-23
3.392733668341708380e+03	2.436875051782723393e-23
3.468105527638190779e+03	6.648409282762771700e-23
3.543477386934673177e+03	1.674532391535896845e-22
3.618849246231156030e+03	8.637335784301921465e-22
3.694221105527638429e+03	6.096030904399638815e-20
3.769592964824120827e+03	4.202489946200681649e-21
3.844964824120603225e+03	1.379314990945612397e-21
3.920336683417085624e+03	1.283225305485712659e-21
3.995708542713568022e+03	7.410369717873546166e-22
4.071080402010050420e+03	2.349069810347103635e-21
4.146452261306532819e+03	6.668509895007311168e-19
4.221824120603015217e+03	4.961227473174866293e-21
4.297195979899497615e+03	1.204706903646464863e-21
4.372567839195980014e+03	6.820942274014420785e-22
4.447939698492462412e+03	6.592318212657572372e-22
4.523311557788944810e+03	1.291279004473640666e-20
4.598683417085427209e+03	9.653121721251088710e-21
4.674055276381909607e+03	5.418334160839213676e-21
4.749427135678392006e+03	2.494002630090855669e-21
4.824798994974874404e+03	4.876495571455206766e-22
4.900170854271356802e+03	7.352079345062246054e-22
4.975542713567839201e+03	3.834654606860125401e-21
5.050914572864321599e+03	6.406547888526416171e-20
5.126286432160803997e+03	1.109998278731600211e-19
5.201658291457286396e+03	1.557819526764304250e-21
5.277030150753768794e+03	4.010370711533056165e-22
5.352402010050251192e+03	1.862784473647002117e-22
5.427773869346733591e+03	1.312860814466354976e-22
5.503145728643215989e+03	8.961021072615851690e-23
5.578517587939698387e+03	1.218712078818157420e-22
5.653889447236180786e+03	3.526822619622676409e-22
5.729261306532663184e+03	4.986609467990323268e-21
5.804633165829145582e+03	1.774939281258449936e-21
5.880005025125627981e+03	5.192969390851589495e-22
5.955376884422110379e+03	3.935124683570156910e-23
6.030748743718592777e+03	1.046217117261563197e-23
6.106120603015075176e+03	4.158805055728194014e-24
6.181492462311557574e+03	1.801036675227686649e-24
6.256864321608039972e+03	8.105504187174432853e-25
6.332236180904522371e+03	6.836278932548331337e-25
6.407608040201004769e+03	4.013700491516019814e-25
6.482979899497487168e+03	3.190592853301177165e-25
6.558351758793969566e+03	2.255908112423459685e-25
6.633723618090451964e+03	1.439516483909393100e-25
6.709095477386934363e+03	1.263895897447199403e-25
6.784467336683416761e+03	1.161233457100284622e-25
6.859839195979899159e+03	9.748290344223448903e-26
6.935211055276381558e+03	6.798771175573121432e-26
7.010582914572863956e+03	3.623729602243045996e-26
7.085954773869346354e+03	6.008146814165546714e-26
7.161326633165828753e+03	6.661796160039860817e-26
7.236698492462312061e+03	3.097020286925150265e-26
7.312070351758794459e+03	4.957694850069148958e-26
7.387442211055276857e+03	2.971284657554114493e-26
7.462814070351759256e+03	6.000368980272456623e-26
7.538185929648241654e+03	3.009233702892414230e-26
7.613557788944724052e+03	2.982633113314128824e-26
7.688929648241206451e+03	1.330829321854905629e-26
7.764301507537688849e+03	1.430119067942284541e-26
7.839673366834171247e+03	1.750670472914166737e-26
7.915045226130653646e+03	1.121153185870887568e-26
7.990417085427136044e+03	7.256216289524003364e-27
8.065788944723618442e+03	1.128643653190701505e-26
8.141160804020100841e+03	5.564542425081727308e-27
8.216532663316582330e+03	7.290826878762512936e-27
8.291904522613065637e+03	9.893816866764976156e-27
8.367276381909547126e+03	6.927069333549487816e-27
8.442648241206030434e+03	1.053762016034120291e-26
8.518020100502511923e+03	3.292366986850205161e-27
8.593391959798995231e+03	5.217960248322459020e-27
8.668763819095476720e+03	7.922467334270315692e-27
8.744135678391960028e+03	3.201502298042269071e-27
8.819507537688441516e+03	1.903443332826679334e-27
8.894879396984924824e+03	5.494278113187572454e-27
8.970251256281406313e+03	7.729847524213517810e-27
9.045623115577889621e+03	5.189316782272197343e-27
9.120994974874371110e+03	4.923422791895829361e-27
9.196366834170854418e+03	2.242893859826832708e-27
9.271738693467335906e+03	2.889342684746775784e-27
9.347110552763819214e+03	3.563988103110365731e-27
9.422482412060300703e+03	3.698007754746584478e-27
9.497854271356784011e+03	1.276196693580951451e-27
9.573226130653265500e+03	5.799003364957091270e-28
9.648597989949748808e+03	1.786983445666274512e-27
9.723969849246232116e+03	4.069247678470986089e-27
9.799341708542713604e+03	1.279395659156258795e-27
9.874713567839196912e+03	2.059195119219771977e-27
9.950085427135678401e+03	1.810058849902518710e-27
1.002545728643216171e+04	1.211403079824917763e-27
1.010082914572864320e+04	1.170193358307521268e-27
1.017620100502512651e+04	1.590080205877328577e-27
1.025157286432160799e+04	5.802694183945808437e-28
1.032694472361809130e+04	3.464868068697678182e-28
1.040231658291457279e+04	1.111267193790747508e-27
1.047768844221105610e+04	1.834629697269906228e-27
1.055306030150753759e+04	9.306868020836933131e-28
1.062843216080402090e+04	1.692445305622891201e-27
1.070380402010050238e+04	1.242206691456607368e-27
1.077917587939698569e+04	1.186296955488714399e-27
1.085454773869346718e+04	6.829220411333501018e-28
1.092991959798995049e+04	1.382956416882307599e-27
1.100529145728643198e+04	5.624190247019600717e-28
1.108066331658291529e+04	9.209153303050450384e-28
1.115603517587939677e+04	1.257208215335325775e-27
1.123140703517588008e+04	1.021409776503664814e-27
1.130677889447236157e+04	7.892159398981991704e-28
1.138215075376884488e+04	1.979682660472673796e-28
1.145752261306532637e+04	5.525235757358007640e-28
1.153289447236180968e+04	8.348583032563199489e-28
1.160826633165829116e+04	3.307023263316654255e-28
1.168363819095477447e+04	3.063369756599471153e-28
1.175901005025125596e+04	2.919346104978833605e-28
1.183438190954773927e+04	3.758250913216210682e-28
1.190975376884422076e+04	2.137508701078021636e-28
1.198512562814070407e+04	5.917677498050300058e-28
1.206049748743718555e+04	4.519357382954949826e-28
1.213586934673366886e+04	2.436518333462588221e-28
1.221124120603015035e+04	1.872822640749215288e-28
1.228661306532663366e+04	1.198293470645770380e-28
1.236198492462311515e+04	9.883995711111364098e-29
1.243735678391959846e+04	2.511105116150535622e-28
1.251272864321607994e+04	3.209171787197780402e-28
1.258810050251256325e+04	1.082832222960789158e-28
1.266347236180904474e+04	1.852681706130416558e-28
1.273884422110552805e+04	2.333207260060612268e-28
1.281421608040200954e+04	2.597699234663854154e-28
1.288958793969849285e+04	1.654649282233935096e-28
1.296495979899497434e+04	1.736546633249115659e-28
1.304033165829145764e+04	2.342705049472165468e-28
1.311570351758793913e+04	2.102892945395767413e-28
1.319107537688442244e+04	2.326211985364295452e-28
1.326644723618090393e+04	1.298609812507488862e-28
1.334181909547738724e+04	2.070549126539277126e-28
1.341719095477386873e+04	2.788516969953377715e-28
1.349256281407035203e+04	1.136239098313076930e-28
1.356793467336683352e+04	1.816175254250540286e-28
1.364330653266331683e+04	2.524220368493057398e-28
1.371867839195979832e+04	8.170777157462625997e-29
1.379405025125628163e+04	1.147791518262994337e-28
1.386942211055276312e+04	1.705222477788461950e-28
1.394479396984924642e+04	1.601770657560284790e-28
1.402016582914572791e+04	1.670199355985705011e-28
1.409553768844221122e+04	6.485018555102532457e-29
1.417090954773869271e+04	1.120864853809611388e-28
1.424628140703517602e+04	9.745247781966546865e-29
1.432165326633165751e+04	1.836468116212965778e-28
1.439702512562814081e+04	1.397838639953920766e-28
1.447239698492462412e+04	1.542300727117625020e-28
1.454776884422110561e+04	8.758882653898168814e-29
1.462314070351758892e+04	1.201667524697694965e-28
1.469851256281407041e+04	1.573784983177827539e-28
1.477388442211055371e+04	1.190005589518849203e-28
1.484925628140703520e+04	1.013829588249384497e-28
1.492462814070351851e+04	1.122708821285005640e-28
1.500000000000000000e+04	1.979756344467138621e-28
