# Chain:	[5641.2, 4218.4, 3603.06, 2841.2, 2640.63, 2510.15, 2271.3, 1102.73, 9.4057]
# Electron_projectile_energy, keV	cross_section, cm^2
1.000000000000000000e+00	0.000000000000000000e+00
7.637185929648241256e+01	1.436961156362243795e-30
1.517437185929648251e+02	5.069904309752137670e-32
2.271155778894472519e+02	7.534841072775451911e-33
3.024874371859296502e+02	1.975942894549005373e-33
3.778592964824120486e+02	7.048301593048702438e-34
4.532311557788945038e+02	3.045822053937975571e-34
5.286030150753769021e+02	1.502388131624234204e-34
6.039748743718593005e+02	8.151442375032201978e-35
6.793467336683416988e+02	4.757322115888954084e-35
7.547185929648240972e+02	2.941774702917388464e-35
8.300904522613064955e+02	1.906689943598196855e-35
9.054623115577890076e+02	1.279379601015597550e-35
9.808341708542714059e+02	8.903263992529182393e-36
1.056206030150753804e+03	9.683366529503523245e-18
1.131577889447236203e+03	2.795066567210348522e-15
1.206949748743718601e+03	2.257970115181336806e-18
1.282321608040200999e+03	3.283612661948086795e-18
1.357693467336683398e+03	3.012390572917786030e-18
1.433065326633165796e+03	7.529893675097647667e-18
1.508437185929648194e+03	6.697406474960641701e-17
1.583809045226130593e+03	3.737969643977946563e-18
1.659180904522612991e+03	4.709961541349401105e-20
1.734552763819095389e+03	6.884016007243171854e-15
1.809924623115578015e+03	1.083558406049165569e-15
1.885296482412060413e+03	1.604346787394943128e-14
1.960668341708542812e+03	1.300593970727847166e-17
2.036040201005025210e+03	3.648068369333215880e-20
2.111412060301507609e+03	1.020896233830050032e-17
2.186783919597990007e+03	9.786139484532469739e-19
2.262155778894472405e+03	6.740104834460070795e-19
2.337527638190954804e+03	1.036392901136490856e-20
2.412899497487437202e+03	5.077085215062465056e-21
2.488271356783919600e+03	1.921491527771667132e-19
2.563643216080401999e+03	1.090174332526144569e-18
2.639015075376884397e+03	4.371043298271672832e-17
2.714386934673366795e+03	1.180572108290824234e-19
2.789758793969849194e+03	4.258049773770733098e-21
2.865130653266331592e+03	1.527907848557617294e-20
2.940502512562813990e+03	2.314259354091877762e-22
3.015874371859296389e+03	6.359515926935352195e-23
3.091246231155778787e+03	4.206433465420815335e-23
3.166618090452261185e+03	3.382572427146815908e-23
3.241989949748743584e+03	2.236310981737157078e-23
3.317361809045225982e+03	2.818262280318111653e-23
3.392733668341708380e+03	2.421826329033625803e-23
3.468105527638190779e+03	6.634734518622764563e-23
3.543477386934673177e+03	1.673395487326164328e-22
3.618849246231156030e+03	8.636504062649918741e-22
3.694221105527638429e+03	6.096023015429904464e-20
3.769592964824120827e+03	4.202447842471421905e-21
3.844964824120603225e+03	1.379281617561040170e-21
3.920336683417085624e+03	1.283205212194635850e-21
3.995708542713568022e+03	7.410245698533241868e-22
4.071080402010050420e+03	2.349063324317362809e-21
4.146452261306532819e+03	6.668509792089636282e-19
4.221824120603015217e+03	4.961220170037966692e-21
4.297195979899497615e+03	1.204701798867953940e-21
4.372567839195980014e+03	6.820907888686929988e-22
4.447939698492462412e+03	6.592232125163419476e-22
4.523311557788944810e+03	1.291278791345660893e-20
4.598683417085427209e+03	9.653116029580836511e-21
4.674055276381909607e+03	5.418332744529163805e-21
4.749427135678392006e+03	2.494002238177488548e-21
4.824798994974874404e+03	4.876444622430241896e-22
4.900170854271356802e+03	7.352067691745199152e-22
4.975542713567839201e+03	3.834652197366935251e-21
5.050914572864321599e+03	6.406547851392176931e-20
5.126286432160803997e+03	1.109998278158246293e-19
5.201658291457286396e+03	1.557819484063832488e-21
5.277030150753768794e+03	4.010365234272049711e-22
5.352402010050251192e+03	1.862775739536246943e-22
5.427773869346733591e+03	1.312855464358765467e-22
5.503145728643215989e+03	8.960898137258746573e-23
5.578517587939698387e+03	1.218709960633606272e-22
5.653889447236180786e+03	3.526815540166593750e-22
5.729261306532663184e+03	4.986609236250792520e-21
5.804633165829145582e+03	1.774938825396146838e-21
5.880005025125627981e+03	5.192966792388107532e-22
5.955376884422110379e+03	3.935096871816252545e-23
6.030748743718592777e+03	1.046212168501078375e-23
6.106120603015075176e+03	4.158669965733397339e-24
6.181492462311557574e+03	1.800555290530066367e-24
6.256864321608039972e+03	8.101873803383967562e-25
6.332236180904522371e+03	6.833663103090444494e-25
6.407608040201004769e+03	4.009034098973001100e-25
6.482979899497487168e+03	3.190174447061566923e-25
6.558351758793969566e+03	2.254193549393655125e-25
6.633723618090451964e+03	1.438063012222708807e-25
6.709095477386934363e+03	1.262719612935159972e-25
6.784467336683416761e+03	1.160143697967025453e-25
6.859839195979899159e+03	9.744256151680564741e-26
6.935211055276381558e+03	6.792351359443048957e-26
7.010582914572863956e+03	3.619016480148871790e-26
7.085954773869346354e+03	6.003900977913904382e-26
7.161326633165828753e+03	6.652742082378922748e-26
7.236698492462312061e+03	3.096051501970649018e-26
7.312070351758794459e+03	4.941017180875454741e-26
7.387442211055276857e+03	2.966511156139744050e-26
7.462814070351759256e+03	5.995075985015483425e-26
7.538185929648241654e+03	3.007573837927239642e-26
7.613557788944724052e+03	2.979502853208864704e-26
7.688929648241206451e+03	1.328679038000123540e-26
7.764301507537688849e+03	1.428965109494006122e-26
7.839673366834171247e+03	1.748472425116441406e-26
7.915045226130653646e+03	1.117749171540967428e-26
7.990417085427136044e+03	7.238357481595072930e-27
8.065788944723618442e+03	1.125788123798151777e-26
8.141160804020100841e+03	5.506993394537599966e-27
8.216532663316582330e+03	7.275042554948249316e-27
8.291904522613065637e+03	9.852108980676542995e-27
8.367276381909547126e+03	6.906691908340520444e-27
8.442648241206030434e+03	1.049707731060949562e-26
8.518020100502511923e+03	3.280902418165816005e-27
8.593391959798995231e+03	5.192937378628854699e-27
8.668763819095476720e+03	7.903314479394545228e-27
8.744135678391960028e+03	3.184579133653300289e-27
8.819507537688441516e+03	1.895305065276909464e-27
8.894879396984924824e+03	5.480215930383499762e-27
8.970251256281406313e+03	7.711250942983663778e-27
9.045623115577889621e+03	5.168356314843933698e-27
9.120994974874371110e+03	4.889555403293211904e-27
9.196366834170854418e+03	2.225811555993155062e-27
9.271738693467335906e+03	2.873863595974507823e-27
9.347110552763819214e+03	3.547410284439755609e-27
9.422482412060300703e+03	3.682142352353746043e-27
9.497854271356784011e+03	1.264698029871814419e-27
9.573226130653265500e+03	5.618408109396862615e-28
9.648597989949748808e+03	1.773469308954238119e-27
9.723969849246232116e+03	4.047440150547037275e-27
9.799341708542713604e+03	1.257141507238813286e-27
9.874713567839196912e+03	2.045460210103843162e-27
9.950085427135678401e+03	1.795377633034870169e-27
1.002545728643216171e+04	1.204572576981491321e-27
1.010082914572864320e+04	1.155017495430003477e-27
1.017620100502512651e+04	1.576919949429880652e-27
1.025157286432160799e+04	5.594411509026869596e-28
1.032694472361809130e+04	3.402538961389571951e-28
1.040231658291457279e+04	1.098361232698288063e-27
1.047768844221105610e+04	1.819564558121850119e-27
1.055306030150753759e+04	9.215796579394955745e-28
1.062843216080402090e+04	1.677650758148286327e-27
1.070380402010050238e+04	1.225333890279013692e-27
1.077917587939698569e+04	1.179943326713664861e-27
1.085454773869346718e+04	6.661689315505086894e-28
1.092991959798995049e+04	1.368257329905132572e-27
1.100529145728643198e+04	5.588145838854300357e-28
1.108066331658291529e+04	9.097561570819492904e-28
1.115603517587939677e+04	1.250271700954053334e-27
1.123140703517588008e+04	1.013345936282132449e-27
1.130677889447236157e+04	7.830843213323715290e-28
1.138215075376884488e+04	1.884303409204973645e-28
1.145752261306532637e+04	5.446053722577840372e-28
1.153289447236180968e+04	8.278518578288382203e-28
1.160826633165829116e+04	3.210845307673916735e-28
1.168363819095477447e+04	2.964271688180068629e-28
1.175901005025125596e+04	2.837502377216219677e-28
1.183438190954773927e+04	3.689942264364726510e-28
1.190975376884422076e+04	2.032696241075873860e-28
1.198512562814070407e+04	5.857575941601995728e-28
1.206049748743718555e+04	4.454165629885862644e-28
1.213586934673366886e+04	2.369880220170784569e-28
1.221124120603015035e+04	1.798580898054005754e-28
1.228661306532663366e+04	1.129344479194237314e-28
1.236198492462311515e+04	9.214173183642509751e-29
1.243735678391959846e+04	2.459645855969644759e-28
1.251272864321607994e+04	3.136477260959617489e-28
1.258810050251256325e+04	1.022517088708891125e-28
1.266347236180904474e+04	1.779573664583800292e-28
1.273884422110552805e+04	2.278218596143192187e-28
1.281421608040200954e+04	2.547449815041350896e-28
1.288958793969849285e+04	1.600258822091277393e-28
1.296495979899497434e+04	1.671861462510132152e-28
1.304033165829145764e+04	2.279525737755978772e-28
1.311570351758793913e+04	2.053531207724172430e-28
1.319107537688442244e+04	2.266435622372923128e-28
1.326644723618090393e+04	1.238480687402327921e-28
1.334181909547738724e+04	2.015608323141138720e-28
1.341719095477386873e+04	2.748255527231269522e-28
1.349256281407035203e+04	1.092934467245573373e-28
1.356793467336683352e+04	1.771630139616202481e-28
1.364330653266331683e+04	2.466749743773847745e-28
1.371867839195979832e+04	7.721188593447118791e-29
1.379405025125628163e+04	1.112635874181492662e-28
1.386942211055276312e+04	1.665079623008023044e-28
1.394479396984924642e+04	1.555235938535574260e-28
1.402016582914572791e+04	1.620112485680266451e-28
1.409553768844221122e+04	6.132819370621173137e-29
1.417090954773869271e+04	1.072163565666595632e-28
1.424628140703517602e+04	9.348271304234960432e-29
1.432165326633165751e+04	1.800659707390515708e-28
1.439702512562814081e+04	1.350455393555330066e-28
1.447239698492462412e+04	1.508364090648073737e-28
1.454776884422110561e+04	8.349311494914507839e-29
1.462314070351758892e+04	1.160675085215800731e-28
1.469851256281407041e+04	1.533458127308052598e-28
1.477388442211055371e+04	1.157872121500273251e-28
1.484925628140703520e+04	9.714338361231918563e-29
1.492462814070351851e+04	1.088397274481467362e-28
1.500000000000000000e+04	1.946196126532637149e-28
