# Chain:	[5641.2, 4218.4, 3603.06, 3157.51, 2841.2, 2640.63, 2510.15, 2271.3, 1102.73, 9.4057]
# Electron_projectile_energy, keV	cross_section, cm^2
1.000000000000000000e+00	0.000000000000000000e+00
7.637185929648241256e+01	1.436961156362243795e-30
1.517437185929648251e+02	5.069904309752137670e-32
2.271155778894472519e+02	7.534841072775451911e-33
3.024874371859296502e+02	1.975942894549005373e-33
3.778592964824120486e+02	7.048301593048702438e-34
4.532311557788945038e+02	3.045822053937975571e-34
5.286030150753769021e+02	1.502388131624234204e-34
6.039748743718593005e+02	8.151442375032201978e-35
6.793467336683416988e+02	4.757322115888954084e-35
7.547185929648240972e+02	2.941774702917388464e-35
8.300904522613064955e+02	1.906689943598196855e-35
9.054623115577890076e+02	1.279379601015597550e-35
9.808341708542714059e+02	8.903263992529182393e-36
1.056206030150753804e+03	9.683366529503523245e-18
1.131577889447236203e+03	7.100607949434513933e-16
1.206949748743718601e+03	5.738209253071699498e-19
1.282321608040200999e+03	1.089376698423817902e-18
1.357693467336683398e+03	3.008485947735911712e-18
1.433065326633165796e+03	1.913540318399016270e-18
1.508437185929648194e+03	1.701244580785313372e-17
1.583809045226130593e+03	3.736886571153293219e-18
1.659180904522612991e+03	4.696562209735540345e-20
1.734552763819095389e+03	6.884015991846120019e-15
1.809924623115578015e+03	1.083558372526162076e-15
1.885296482412060413e+03	1.604346785638374244e-14
1.960668341708542812e+03	1.300589943278076988e-17
2.036040201005025210e+03	3.643368227261671575e-20
2.111412060301507609e+03	1.020890246251659845e-17
2.186783919597990007e+03	9.783992656830687397e-19
2.262155778894472405e+03	6.717833371862150011e-19
2.337527638190954804e+03	6.868116255275808071e-21
2.412899497487437202e+03	3.056794169296662486e-21
2.488271356783919600e+03	1.754618681910949390e-19
2.563643216080401999e+03	1.074532310273035516e-18
2.639015075376884397e+03	4.370937250537031370e-17
2.714386934673366795e+03	1.176158654880895555e-19
2.789758793969849194e+03	2.342009765319909141e-21
2.865130653266331592e+03	4.163012212147719350e-21
2.940502512562813990e+03	1.257416261101272467e-22
3.015874371859296389e+03	4.664799015719324586e-23
3.091246231155778787e+03	3.682940673712899583e-23
3.166618090452261185e+03	3.166155060758218142e-23
3.241989949748743584e+03	2.087573887877587260e-23
3.317361809045225982e+03	2.727450611159467561e-23
3.392733668341708380e+03	2.376051582907502783e-23
3.468105527638190779e+03	6.593139037911218312e-23
3.543477386934673177e+03	1.669937286757391951e-22
3.618849246231156030e+03	8.633974157082338337e-22
3.694221105527638429e+03	6.095999019002244238e-20
3.769592964824120827e+03	4.202319772631211027e-21
3.844964824120603225e+03	1.379180103417172722e-21
3.920336683417085624e+03	1.283144093034344597e-21
3.995708542713568022e+03	7.409868460284401119e-22
4.071080402010050420e+03	2.349043595309812818e-21
4.146452261306532819e+03	6.668509479037790580e-19
4.221824120603015217e+03	4.961197955578768092e-21
4.297195979899497615e+03	1.204686271308289458e-21
4.372567839195980014e+03	6.820803296445941523e-22
4.447939698492462412e+03	6.591970266847919799e-22
4.523311557788944810e+03	1.291278143059468958e-20
4.598683417085427209e+03	9.653098716831767897e-21
4.674055276381909607e+03	5.418328436440428721e-21
4.749427135678392006e+03	2.494001046067354301e-21
4.824798994974874404e+03	4.876289647239187778e-22
4.900170854271356802e+03	7.352032245040636872e-22
4.975542713567839201e+03	3.834644868243995550e-21
5.050914572864321599e+03	6.406547738438381438e-20
5.126286432160803997e+03	1.109998276414235839e-19
5.201658291457286396e+03	1.557819354178838869e-21
5.277030150753768794e+03	4.010348573706483946e-22
5.352402010050251192e+03	1.862749172384394669e-22
5.427773869346733591e+03	1.312839190564587214e-22
5.503145728643215989e+03	8.960524196236957559e-23
5.578517587939698387e+03	1.218703517604407908e-22
5.653889447236180786e+03	3.526794006092886009e-22
5.729261306532663184e+03	4.986608531352552360e-21
5.804633165829145582e+03	1.774937438768089541e-21
5.880005025125627981e+03	5.192958888461100040e-22
5.955376884422110379e+03	3.935012274871015332e-23
6.030748743718592777e+03	1.046197115512289097e-23
6.106120603015075176e+03	4.158259053105191754e-24
6.181492462311557574e+03	1.799091029230954542e-24
6.256864321608039972e+03	8.090831012635571436e-25
6.332236180904522371e+03	6.825706352784098881e-25
6.407608040201004769e+03	3.994840008381869084e-25
6.482979899497487168e+03	3.188901751716250323e-25
6.558351758793969566e+03	2.248978243834832674e-25
6.633723618090451964e+03	1.433641886352509779e-25
6.709095477386934363e+03	1.259141626563264727e-25
6.784467336683416761e+03	1.156828901854739743e-25
6.859839195979899159e+03	9.731985067778411425e-26
6.935211055276381558e+03	6.772823758434646323e-26
7.010582914572863956e+03	3.604680249033497882e-26
7.085954773869346354e+03	5.990986122630010138e-26
7.161326633165828753e+03	6.625201664946451153e-26
7.236698492462312061e+03	3.093104681427638698e-26
7.312070351758794459e+03	4.890287555109534338e-26
7.387442211055276857e+03	2.951991265048746463e-26
7.462814070351759256e+03	5.978975913389852284e-26
7.538185929648241654e+03	3.002524911274039570e-26
7.613557788944724052e+03	2.969981323440777263e-26
7.688929648241206451e+03	1.322138370118016376e-26
7.764301507537688849e+03	1.425455033862291536e-26
7.839673366834171247e+03	1.741786470328683937e-26
7.915045226130653646e+03	1.107394944517207026e-26
7.990417085427136044e+03	7.184035104029105132e-27
8.065788944723618442e+03	1.117102261537350430e-26
8.141160804020100841e+03	5.331942507702709456e-27
8.216532663316582330e+03	7.227030279925522087e-27
8.291904522613065637e+03	9.725243204159407521e-27
8.367276381909547126e+03	6.844708477507457654e-27
8.442648241206030434e+03	1.037375530616830275e-26
8.518020100502511923e+03	3.246029842617508635e-27
8.593391959798995231e+03	5.116823576370088931e-27
8.668763819095476720e+03	7.845055909272275960e-27
8.744135678391960028e+03	3.133102768085853055e-27
8.819507537688441516e+03	1.870550331123838470e-27
8.894879396984924824e+03	5.437442011389331486e-27
8.970251256281406313e+03	7.654684429080583736e-27
9.045623115577889621e+03	5.104599403961167909e-27
9.120994974874371110e+03	4.786538613025576431e-27
9.196366834170854418e+03	2.173851124913859405e-27
9.271738693467335906e+03	2.826779775598005971e-27
9.347110552763819214e+03	3.496984380951196013e-27
9.422482412060300703e+03	3.633883454982237645e-27
9.497854271356784011e+03	1.229721745116552817e-27
9.573226130653265500e+03	5.069078966141325507e-28
9.648597989949748808e+03	1.732362419856670496e-27
9.723969849246232116e+03	3.981106676869545419e-27
9.799341708542713604e+03	1.189449506312398995e-27
9.874713567839196912e+03	2.003681782237947261e-27
9.950085427135678401e+03	1.750720755096211070e-27
1.002545728643216171e+04	1.183795761647421455e-27
1.010082914572864320e+04	1.108856018336878687e-27
1.017620100502512651e+04	1.536889482533762407e-27
1.025157286432160799e+04	4.960863617565040750e-28
1.032694472361809130e+04	3.212948182765678239e-28
1.040231658291457279e+04	1.059104273661256814e-27
1.047768844221105610e+04	1.773739877093795966e-27
1.055306030150753759e+04	8.938778244958786126e-28
1.062843216080402090e+04	1.632649154624057356e-27
1.070380402010050238e+04	1.174010717992698835e-27
1.077917587939698569e+04	1.160617052384173056e-27
1.085454773869346718e+04	6.152098335085379610e-28
1.092991959798995049e+04	1.323546095212052017e-27
1.100529145728643198e+04	5.478507056843251655e-28
1.108066331658291529e+04	8.758125241383974315e-28
1.115603517587939677e+04	1.229172422955726946e-27
1.123140703517588008e+04	9.888175929073163747e-28
1.130677889447236157e+04	7.644333508897256346e-28
1.138215075376884488e+04	1.594181710156423101e-28
1.145752261306532637e+04	5.205200222899306556e-28
1.153289447236180968e+04	8.065398657058686547e-28
1.160826633165829116e+04	2.918294134004382233e-28
1.168363819095477447e+04	2.662838204480634254e-28
1.175901005025125596e+04	2.588552620960397741e-28
1.183438190954773927e+04	3.482163098549292419e-28
1.190975376884422076e+04	1.713880895252551333e-28
1.198512562814070407e+04	5.674760859280738398e-28
1.206049748743718555e+04	4.255867342648604092e-28
1.213586934673366886e+04	2.167182438497644811e-28
1.221124120603015035e+04	1.572754628243963760e-28
1.228661306532663366e+04	9.196175387776176076e-29
1.236198492462311515e+04	7.176727437870889723e-29
1.243735678391959846e+04	2.303118646990417578e-28
1.251272864321607994e+04	2.915357267004629446e-28
1.258810050251256325e+04	8.390523519351818167e-29
1.266347236180904474e+04	1.557195852368795844e-28
1.273884422110552805e+04	2.110955754465444479e-28
1.281421608040200954e+04	2.394602662192908860e-28
1.288958793969849285e+04	1.434815578420479859e-28
1.296495979899497434e+04	1.475104081962370423e-28
1.304033165829145764e+04	2.087348833280472263e-28
1.311570351758793913e+04	1.903384178774682097e-28
1.319107537688442244e+04	2.084609703596050560e-28
1.326644723618090393e+04	1.055581747581023767e-28
1.334181909547738724e+04	1.848491062132001759e-28
1.341719095477386873e+04	2.625789498053710973e-28
1.349256281407035203e+04	9.612117605248778779e-29
1.356793467336683352e+04	1.636134167795724947e-28
1.364330653266331683e+04	2.291937349387133023e-28
1.371867839195979832e+04	6.353643804288680101e-29
1.379405025125628163e+04	1.005700507668236600e-28
1.386942211055276312e+04	1.542974311016501850e-28
1.394479396984924642e+04	1.413688048729817805e-28
1.402016582914572791e+04	1.467759770389460001e-28
1.409553768844221122e+04	5.061510627397177364e-29
1.417090954773869271e+04	9.240254719605741760e-29
1.424628140703517602e+04	8.140760355354203360e-29
1.432165326633165751e+04	1.691738780986552719e-28
1.439702512562814081e+04	1.206326479049470877e-28
1.447239698492462412e+04	1.405136664329689095e-28
1.454776884422110561e+04	7.103490428526424509e-29
1.462314070351758892e+04	1.035985532377389486e-28
1.469851256281407041e+04	1.410793126411918817e-28
1.477388442211055371e+04	1.060129518009857795e-28
1.484925628140703520e+04	8.424757296607067795e-29
1.492462814070351851e+04	9.840294573375994230e-29
1.500000000000000000e+04	1.844113678639753839e-28
