# Chain:	[4629.8, 3603.06, 3157.51, 2550.85, 2265.8, 1721.43, 1102.73, 9.4057]
# Electron_projectile_energy, keV	cross_section, cm^2
1.000000000000000000e+00	0.000000000000000000e+00
7.637185929648241256e+01	1.436961156362243795e-30
1.517437185929648251e+02	5.069904309752137670e-32
2.271155778894472519e+02	7.534841072775451911e-33
3.024874371859296502e+02	1.975942894549005373e-33
3.778592964824120486e+02	7.048301593048702438e-34
4.532311557788945038e+02	3.045822053937975571e-34
5.286030150753769021e+02	1.502388131624234204e-34
6.039748743718593005e+02	8.151442375032201978e-35
6.793467336683416988e+02	4.757322115888954084e-35
7.547185929648240972e+02	2.941774702917388464e-35
8.300904522613064955e+02	1.906689943598196855e-35
9.054623115577890076e+02	1.279379601015597550e-35
9.808341708542714059e+02	8.903263992529182393e-36
1.056206030150753804e+03	9.683366529503523245e-18
1.131577889447236203e+03	9.987383824843995937e-20
1.206949748743718601e+03	3.548342173329527193e-22
1.282321608040200999e+03	3.422220351098027397e-19
1.357693467336683398e+03	3.007156392044715730e-18
1.433065326633165796e+03	1.127674073904675939e-21
1.508437185929648194e+03	1.202423324616793663e-22
1.583809045226130593e+03	3.736517776308481448e-18
1.659180904522612991e+03	4.691999631568464982e-20
1.734552763819095389e+03	7.808286716936116423e-16
1.809924623115578015e+03	4.379285690772798611e-17
1.885296482412060413e+03	1.056473245632537569e-19
1.960668341708542812e+03	5.199038331202477187e-19
2.036040201005025210e+03	2.934033513221581617e-20
2.111412060301507609e+03	1.083736115577670229e-18
2.186783919597990007e+03	8.850834606511785293e-19
2.262155778894472405e+03	6.702463642580271219e-19
2.337527638190954804e+03	5.177596382960238823e-21
2.412899497487437202e+03	1.673778669076555452e-21
2.488271356783919600e+03	1.679845617071071777e-19
2.563643216080401999e+03	3.100170145228506299e-21
2.639015075376884397e+03	3.815334527549726613e-21
2.714386934673366795e+03	2.428046949070638111e-21
2.789758793969849194e+03	3.229556144164635105e-23
2.865130653266331592e+03	1.940403475700664150e-23
2.940502512562813990e+03	1.098380212942456191e-23
3.015874371859296389e+03	5.622666816700770093e-24
3.091246231155778787e+03	1.898431440570381382e-23
3.166618090452261185e+03	1.466952646120615266e-23
3.241989949748743584e+03	1.735589789741201887e-23
3.317361809045225982e+03	2.461712590539095374e-23
3.392733668341708380e+03	2.102478583234054227e-23
3.468105527638190779e+03	6.414047416028600871e-23
3.543477386934673177e+03	1.621609239894900455e-22
3.618849246231156030e+03	8.622954627309221351e-22
3.694221105527638429e+03	6.095776721064301760e-20
3.769592964824120827e+03	4.197043593645306021e-21
3.844964824120603225e+03	1.374407444605040485e-21
3.920336683417085624e+03	1.279684472110342587e-21
3.995708542713568022e+03	7.374422822323221701e-22
4.071080402010050420e+03	2.345249428433275661e-21
4.146452261306532819e+03	6.668450435403652814e-19
4.221824120603015217e+03	4.953515625707938809e-21
4.297195979899497615e+03	1.185354453819542805e-21
4.372567839195980014e+03	6.172667245729534722e-22
4.447939698492462412e+03	3.505393433872776226e-22
4.523311557788944810e+03	1.521917823387485187e-21
4.598683417085427209e+03	8.645966731352858300e-22
4.674055276381909607e+03	4.907637829018013700e-21
4.749427135678392006e+03	2.171643078272013356e-21
4.824798994974874404e+03	1.549011440767163421e-22
4.900170854271356802e+03	7.889943168333380701e-23
4.975542713567839201e+03	3.779831511862818349e-22
5.050914572864321599e+03	6.637956669231555303e-21
5.126286432160803997e+03	8.937244490057082158e-23
5.201658291457286396e+03	2.095029626943509128e-23
5.277030150753768794e+03	1.055309902526608211e-23
5.352402010050251192e+03	5.863306458405528453e-24
5.427773869346733591e+03	5.459918382143558255e-24
5.503145728643215989e+03	3.211018200161757596e-24
5.578517587939698387e+03	5.501212884654490761e-24
5.653889447236180786e+03	2.752671074719978084e-23
5.729261306532663184e+03	5.652061639964154234e-22
5.804633165829145582e+03	1.682041528920000100e-23
5.880005025125627981e+03	1.871703521914012757e-24
5.955376884422110379e+03	5.704947417287276845e-25
6.030748743718592777e+03	2.759190400757256128e-25
6.106120603015075176e+03	1.973739909881669557e-25
6.181492462311557574e+03	8.484839976681388975e-26
6.256864321608039972e+03	6.060369790905966350e-26
6.332236180904522371e+03	4.146152890829303350e-26
6.407608040201004769e+03	4.963002777410917507e-26
6.482979899497487168e+03	2.005751492873452858e-26
6.558351758793969566e+03	5.763332540734613382e-26
6.633723618090451964e+03	3.449028146870875712e-26
6.709095477386934363e+03	5.268597092108343547e-26
6.784467336683416761e+03	2.633189971569816044e-26
6.859839195979899159e+03	1.495990885924754622e-26
6.935211055276381558e+03	1.083879814363056994e-26
7.010582914572863956e+03	1.023171392359030171e-26
7.085954773869346354e+03	3.596157566931940494e-27
7.161326633165828753e+03	1.719697006985899493e-26
7.236698492462312061e+03	1.337246680040017359e-26
7.312070351758794459e+03	1.948136347170002735e-26
7.387442211055276857e+03	1.662298854667240782e-26
7.462814070351759256e+03	1.590750916891404391e-26
7.538185929648241654e+03	2.149232810186235434e-27
7.613557788944724052e+03	8.356154257607362990e-27
7.688929648241206451e+03	4.461450821989424129e-27
7.764301507537688849e+03	3.015842841712048693e-27
7.839673366834171247e+03	1.162002404507613649e-27
7.915045226130653646e+03	7.021949105505404255e-27
7.990417085427136044e+03	2.287352333807437726e-27
8.065788944723618442e+03	3.073233919028615905e-27
8.141160804020100841e+03	1.265120473498963557e-27
8.216532663316582330e+03	5.689004053879801420e-27
8.291904522613065637e+03	6.353132277910941090e-28
8.367276381909547126e+03	2.837098052658581392e-28
8.442648241206030434e+03	1.363953770669874032e-27
8.518020100502511923e+03	6.659224258270215563e-28
8.593391959798995231e+03	4.124916742636333480e-27
8.668763819095476720e+03	3.116063798674730925e-27
8.744135678391960028e+03	2.782030817327177556e-28
8.819507537688441516e+03	1.794480380270284329e-28
8.894879396984924824e+03	2.685853735066658639e-27
8.970251256281406313e+03	3.996950023905624188e-27
9.045623115577889621e+03	1.378238606710929100e-27
9.120994974874371110e+03	1.531632645918184724e-27
9.196366834170854418e+03	3.266636524147875117e-28
9.271738693467335906e+03	9.105191029525531595e-28
9.347110552763819214e+03	6.726876996082142465e-28
9.422482412060300703e+03	1.303636990271653255e-27
9.497854271356784011e+03	1.459765778404828196e-28
9.573226130653265500e+03	2.971681360373609390e-28
9.648597989949748808e+03	7.053755365065724570e-28
9.723969849246232116e+03	8.569873982716316337e-28
9.799341708542713604e+03	1.082750170859361374e-28
9.874713567839196912e+03	9.761381398232331175e-28
9.950085427135678401e+03	9.778197431544869497e-28
1.002545728643216171e+04	4.576755562381014905e-28
1.010082914572864320e+04	1.350130407143842008e-28
1.017620100502512651e+04	2.929659908838016968e-28
1.025157286432160799e+04	1.282827907263908053e-28
1.032694472361809130e+04	1.809722411183674895e-28
1.040231658291457279e+04	1.799410207908317867e-28
1.047768844221105610e+04	7.699882251456213615e-28
1.055306030150753759e+04	4.221288406726461477e-28
1.062843216080402090e+04	1.396337269088708554e-27
1.070380402010050238e+04	1.517014020731235264e-28
1.077917587939698569e+04	7.293449154100841680e-28
1.085454773869346718e+04	2.036834383781902827e-28
1.092991959798995049e+04	1.230039156555039742e-27
1.100529145728643198e+04	1.244595512027844246e-28
1.108066331658291529e+04	8.238266861707910939e-28
1.115603517587939677e+04	7.749040789045520829e-29
1.123140703517588008e+04	3.586620753964710450e-29
1.130677889447236157e+04	2.545510761046596084e-28
1.138215075376884488e+04	5.093426620714246948e-29
1.145752261306532637e+04	8.840101495915580012e-29
1.153289447236180968e+04	3.936095279364649990e-28
1.160826633165829116e+04	1.337676732951758771e-28
1.168363819095477447e+04	9.872614499271657356e-29
1.175901005025125596e+04	7.343342545931790773e-29
1.183438190954773927e+04	1.902257919466653238e-28
1.190975376884422076e+04	5.197321772074562752e-29
1.198512562814070407e+04	2.994974293056265488e-28
1.206049748743718555e+04	1.697001460280742980e-28
1.213586934673366886e+04	5.512875389084073815e-29
1.221124120603015035e+04	5.101330106010567369e-29
1.228661306532663366e+04	6.085527483425879340e-29
1.236198492462311515e+04	3.175009547200388423e-29
1.243735678391959846e+04	1.224262120482901281e-28
1.251272864321607994e+04	7.774499350679598341e-29
1.258810050251256325e+04	2.737270888996188455e-29
1.266347236180904474e+04	1.235163670185072825e-28
1.273884422110552805e+04	1.377736395798541700e-28
1.281421608040200954e+04	5.709140867570990609e-29
1.288958793969849285e+04	7.535413064410007320e-29
1.296495979899497434e+04	1.131961023510890898e-28
1.304033165829145764e+04	1.276531397489596702e-28
1.311570351758793913e+04	7.693089557545703574e-29
1.319107537688442244e+04	7.610419285878329034e-29
1.326644723618090393e+04	7.282074461334506736e-29
1.334181909547738724e+04	1.478207790374342258e-28
1.341719095477386873e+04	1.515150640149840252e-28
1.349256281407035203e+04	5.213979083132256729e-29
1.356793467336683352e+04	9.419353392848188539e-29
1.364330653266331683e+04	1.021852068914109910e-28
1.371867839195979832e+04	3.596816544780076071e-29
1.379405025125628163e+04	5.342041198971420323e-29
1.386942211055276312e+04	1.140018439685827706e-28
1.394479396984924642e+04	1.126934496112640732e-28
1.402016582914572791e+04	7.943763031219061306e-29
1.409553768844221122e+04	1.442199060217616469e-29
1.417090954773869271e+04	8.329182005984657961e-29
1.424628140703517602e+04	5.872617868518383134e-29
1.432165326633165751e+04	1.258847533297901473e-28
1.439702512562814081e+04	7.393871379736521473e-29
1.447239698492462412e+04	1.268832732824403933e-28
1.454776884422110561e+04	6.489636157360518212e-29
1.462314070351758892e+04	8.345247526173105802e-29
1.469851256281407041e+04	9.590825245126436926e-29
1.477388442211055371e+04	7.552392815101513344e-29
1.484925628140703520e+04	4.289208576514837218e-29
1.492462814070351851e+04	5.419757640444158407e-29
1.500000000000000000e+04	1.387608061559526458e-28
