# Chain:	[5641.2, 4218.4, 3157.51, 2841.2, 2640.63, 2510.15, 1738.19, 1102.73, 9.4057]
# Electron_projectile_energy, keV	cross_section, cm^2
1.000000000000000000e+00	0.000000000000000000e+00
7.637185929648241256e+01	1.436961156362243795e-30
1.517437185929648251e+02	5.069904309752137670e-32
2.271155778894472519e+02	7.534841072775451911e-33
3.024874371859296502e+02	1.975942894549005373e-33
3.778592964824120486e+02	7.048301593048702438e-34
4.532311557788945038e+02	3.045822053937975571e-34
5.286030150753769021e+02	1.502388131624234204e-34
6.039748743718593005e+02	8.151442375032201978e-35
6.793467336683416988e+02	4.757322115888954084e-35
7.547185929648240972e+02	2.941774702917388464e-35
8.300904522613064955e+02	1.906689943598196855e-35
9.054623115577890076e+02	1.279379601015597550e-35
9.808341708542714059e+02	8.903263992529182393e-36
1.056206030150753804e+03	9.683366529503523245e-18
1.131577889447236203e+03	9.987383824843995937e-20
1.206949748743718601e+03	3.548342173329527193e-22
1.282321608040200999e+03	3.422220351098027397e-19
1.357693467336683398e+03	3.007156392044715730e-18
1.433065326633165796e+03	1.127674073904675939e-21
1.508437185929648194e+03	1.202423324616793663e-22
1.583809045226130593e+03	3.736517776308481448e-18
1.659180904522612991e+03	4.691999631568464982e-20
1.734552763819095389e+03	6.884015986603302323e-15
1.809924623115578015e+03	1.069220754465655905e-15
1.885296482412060413e+03	1.582177347434390999e-14
1.960668341708542812e+03	1.288917288990373097e-17
2.036040201005025210e+03	3.636613687365593736e-20
2.111412060301507609e+03	1.019211756014494769e-17
2.186783919597990007e+03	9.771021497940322068e-19
2.262155778894472405e+03	6.710189338500471259e-19
2.337527638190954804e+03	5.674987899608254127e-21
2.412899497487437202e+03	2.362445342513681148e-21
2.488271356783919600e+03	1.697559985934558640e-19
2.563643216080401999e+03	1.054780289756435062e-18
2.639015075376884397e+03	4.310546086555440328e-17
2.714386934673366795e+03	1.161357799317942043e-19
2.789758793969849194e+03	1.668843016061565403e-21
2.865130653266331592e+03	3.737742570738599308e-22
2.940502512562813990e+03	8.885180110925500856e-23
3.015874371859296389e+03	4.046483509571756928e-23
3.091246231155778787e+03	3.491211061269032230e-23
3.166618090452261185e+03	3.070793924168290760e-23
3.241989949748743584e+03	2.033915418904881363e-23
3.317361809045225982e+03	2.694772996082075254e-23
3.392733668341708380e+03	2.358780906645146391e-23
3.468105527638190779e+03	6.578684764746586255e-23
3.543477386934673177e+03	1.668207314791698488e-22
3.618849246231156030e+03	8.633080173607956429e-22
3.694221105527638429e+03	6.095989146751608521e-20
3.769592964824120827e+03	4.202234017656286887e-21
3.844964824120603225e+03	1.379101800373756503e-21
3.920336683417085624e+03	1.283103465578420182e-21
3.995708542713568022e+03	7.409397838405111064e-22
4.071080402010050420e+03	2.348995425467587451e-21
4.146452261306532819e+03	6.668508886704787711e-19
4.221824120603015217e+03	4.961129699880791746e-21
4.297195979899497615e+03	1.204531826852171512e-21
4.372567839195980014e+03	6.818400005893299259e-22
4.447939698492462412e+03	6.585275257396031162e-22
4.523311557788944810e+03	1.288660099402375913e-20
4.598683417085427209e+03	9.534944262746210744e-21
4.674055276381909607e+03	5.412780836314741028e-21
4.749427135678392006e+03	2.491090465605436299e-21
4.824798994974874404e+03	4.853359759399056960e-22
4.900170854271356802e+03	7.313698315854268366e-22
4.975542713567839201e+03	3.826657131975253107e-21
5.050914572864321599e+03	6.398843641118809011e-20
5.126286432160803997e+03	1.094764759324302257e-19
5.201658291457286396e+03	1.538730085697983913e-21
5.277030150753768794e+03	3.966606245449393105e-22
5.352402010050251192e+03	1.843737679724375533e-22
5.427773869346733591e+03	1.300446917334473260e-22
5.503145728643215989e+03	8.871509944685454735e-23
5.578517587939698387e+03	1.208151831756150974e-22
5.653889447236180786e+03	3.511408599937033585e-22
5.729261306532663184e+03	4.986547045136657743e-21
5.804633165829145582e+03	1.752445493880058714e-21
5.880005025125627981e+03	5.123256993351177700e-22
5.955376884422110379e+03	3.886246517032084772e-23
6.030748743718592777e+03	1.034312917464524744e-23
6.106120603015075176e+03	4.113029807281786677e-24
6.181492462311557574e+03	1.778608396628211528e-24
6.256864321608039972e+03	8.001664089792747534e-25
6.332236180904522371e+03	6.754605198357470182e-25
6.407608040201004769e+03	3.952509890774273793e-25
6.482979899497487168e+03	3.156839589856351089e-25
6.558351758793969566e+03	2.229145710276276224e-25
6.633723618090451964e+03	1.421178692833824881e-25
6.709095477386934363e+03	1.251287277470602197e-25
6.784467336683416761e+03	1.150305837260076800e-25
6.859839195979899159e+03	9.644204639293399393e-26
6.935211055276381558e+03	6.732603020399117635e-26
7.010582914572863956e+03	3.570944785327325027e-26
7.085954773869346354e+03	5.932548448478041810e-26
7.161326633165828753e+03	6.571795828989411740e-26
7.236698492462312061e+03	3.072225705683510870e-26
7.312070351758794459e+03	4.844343898701159476e-26
7.387442211055276857e+03	2.931760644284233607e-26
7.462814070351759256e+03	5.931482358548499039e-26
7.538185929648241654e+03	2.968139846768433227e-26
7.613557788944724052e+03	2.950088159976189678e-26
7.688929648241206451e+03	1.309320790328739080e-26
7.764301507537688849e+03	1.413401263360925962e-26
7.839673366834171247e+03	1.723225793675329025e-26
7.915045226130653646e+03	1.098835383451919521e-26
7.990417085427136044e+03	7.129482074908557942e-27
8.065788944723618442e+03	1.104237841957724028e-26
8.141160804020100841e+03	5.235260204678845360e-27
8.216532663316582330e+03	7.195716519928917323e-27
8.291904522613065637e+03	9.576944864552757867e-27
8.367276381909547126e+03	6.742475280689234239e-27
8.442648241206030434e+03	1.027835430430212206e-26
8.518020100502511923e+03	3.207917761426177997e-27
8.593391959798995231e+03	5.081905929534251572e-27
8.668763819095476720e+03	7.780350161533981854e-27
8.744135678391960028e+03	3.076452547813207434e-27
8.819507537688441516e+03	1.851068075783097894e-27
8.894879396984924824e+03	5.388725600687970046e-27
8.970251256281406313e+03	7.604805449712485713e-27
9.045623115577889621e+03	5.043943180416856625e-27
9.120994974874371110e+03	4.722743466033136954e-27
9.196366834170854418e+03	2.132798565152859056e-27
9.271738693467335906e+03	2.806086301521127925e-27
9.347110552763819214e+03	3.454112135105117493e-27
9.422482412060300703e+03	3.592721061714265817e-27
9.497854271356784011e+03	1.205931341224860755e-27
9.573226130653265500e+03	4.876013982541946720e-28
9.648597989949748808e+03	1.714290357654746828e-27
9.723969849246232116e+03	3.925017499966879398e-27
9.799341708542713604e+03	1.159239383190258751e-27
9.874713567839196912e+03	1.976454272200429794e-27
9.950085427135678401e+03	1.727574554323662784e-27
1.002545728643216171e+04	1.171630746247556028e-27
1.010082914572864320e+04	1.086236060508457544e-27
1.017620100502512651e+04	1.507543786358442316e-27
1.025157286432160799e+04	4.712884352426182745e-28
1.032694472361809130e+04	3.130920819558856383e-28
1.040231658291457279e+04	1.037800651220500930e-27
1.047768844221105610e+04	1.747204359364640319e-27
1.055306030150753759e+04	8.799517918730109880e-28
1.062843216080402090e+04	1.616403387879472733e-27
1.070380402010050238e+04	1.147513425009941178e-27
1.077917587939698569e+04	1.150363329134692111e-27
1.085454773869346718e+04	5.970259700971469843e-28
1.092991959798995049e+04	1.307363852686503328e-27
1.100529145728643198e+04	5.393288635011218079e-28
1.108066331658291529e+04	8.637095326743161390e-28
1.115603517587939677e+04	1.209686350638042227e-27
1.123140703517588008e+04	9.674744268526668129e-28
1.130677889447236157e+04	7.517405644325765486e-28
1.138215075376884488e+04	1.484654598531063308e-28
1.145752261306532637e+04	5.088846951631007109e-28
1.153289447236180968e+04	7.942953731497306754e-28
1.160826633165829116e+04	2.798391996039102426e-28
1.168363819095477447e+04	2.546080497413922821e-28
1.175901005025125596e+04	2.483411228255666407e-28
1.183438190954773927e+04	3.396689811958428519e-28
1.190975376884422076e+04	1.604208284985298676e-28
1.198512562814070407e+04	5.583849350295503982e-28
1.206049748743718555e+04	4.164200030068633723e-28
1.213586934673366886e+04	2.086417215936824083e-28
1.221124120603015035e+04	1.495328240521990750e-28
1.228661306532663366e+04	8.459106296425821458e-29
1.236198492462311515e+04	6.450888903487335565e-29
1.243735678391959846e+04	2.238567532394306237e-28
1.251272864321607994e+04	2.828717255267633015e-28
1.258810050251256325e+04	7.708724006486417578e-29
1.266347236180904474e+04	1.479114605920262556e-28
1.273884422110552805e+04	2.045379018964293292e-28
1.281421608040200954e+04	2.322216724004594318e-28
1.288958793969849285e+04	1.373006581484989977e-28
1.296495979899497434e+04	1.407722783308026419e-28
1.304033165829145764e+04	2.013820392310691083e-28
1.311570351758793913e+04	1.845252566429508437e-28
1.319107537688442244e+04	2.006156621092389330e-28
1.326644723618090393e+04	9.917728848030170591e-29
1.334181909547738724e+04	1.787932841142850560e-28
1.341719095477386873e+04	2.572999554373808818e-28
1.349256281407035203e+04	9.143998742360794748e-29
1.356793467336683352e+04	1.581770274867422217e-28
1.364330653266331683e+04	2.218070091727389041e-28
1.371867839195979832e+04	5.862463857860616188e-29
1.379405025125628163e+04	9.676856059883542518e-29
1.386942211055276312e+04	1.496616232622375922e-28
1.394479396984924642e+04	1.365376574262014246e-28
1.402016582914572791e+04	1.411032398179088578e-28
1.409553768844221122e+04	4.675367182350510145e-29
1.417090954773869271e+04	8.735447619669518469e-29
1.424628140703517602e+04	7.712829806492492396e-29
1.432165326633165751e+04	1.649821083547634943e-28
1.439702512562814081e+04	1.153092295325269316e-28
1.447239698492462412e+04	1.369218458988571060e-28
1.454776884422110561e+04	6.679217234089957103e-29
1.462314070351758892e+04	9.929123782584254167e-29
1.469851256281407041e+04	1.364434455476692923e-28
1.477388442211055371e+04	1.024001688551316410e-28
1.484925628140703520e+04	7.970682559184226790e-29
1.492462814070351851e+04	9.440712972125892913e-29
1.500000000000000000e+04	1.804590135548904571e-28
