# Chain:	[5641.2, 4870.0, 4218.4, 3157.51, 2841.2, 2640.63, 1721.43, 1102.73, 9.4057]
# Electron_projectile_energy, keV	cross_section, cm^2
1.000000000000000000e+00	0.000000000000000000e+00
7.637185929648241256e+01	1.436961156362243795e-30
1.517437185929648251e+02	5.069904309752137670e-32
2.271155778894472519e+02	7.534841072775451911e-33
3.024874371859296502e+02	1.975942894549005373e-33
3.778592964824120486e+02	7.048301593048702438e-34
4.532311557788945038e+02	3.045822053937975571e-34
5.286030150753769021e+02	1.502388131624234204e-34
6.039748743718593005e+02	8.151442375032201978e-35
6.793467336683416988e+02	4.757322115888954084e-35
7.547185929648240972e+02	2.941774702917388464e-35
8.300904522613064955e+02	1.906689943598196855e-35
9.054623115577890076e+02	1.279379601015597550e-35
9.808341708542714059e+02	8.903263992529182393e-36
1.056206030150753804e+03	9.683366529503523245e-18
1.131577889447236203e+03	9.987383824843995937e-20
1.206949748743718601e+03	3.548342173329527193e-22
1.282321608040200999e+03	3.422220351098027397e-19
1.357693467336683398e+03	3.007156392044715730e-18
1.433065326633165796e+03	1.127674073904675939e-21
1.508437185929648194e+03	1.202423324616793663e-22
1.583809045226130593e+03	3.736517776308481448e-18
1.659180904522612991e+03	4.691999631568464982e-20
1.734552763819095389e+03	6.566287852543156650e-15
1.809924623115578015e+03	4.590454982893140015e-17
1.885296482412060413e+03	5.758855603229368538e-19
1.960668341708542812e+03	4.349662582322635043e-18
2.036040201005025210e+03	3.251364801526233999e-20
2.111412060301507609e+03	8.583828547120139126e-18
2.186783919597990007e+03	8.895076330748095956e-19
2.262155778894472405e+03	6.705699446643367683e-19
2.337527638190954804e+03	5.461263463072533032e-21
2.412899497487437202e+03	1.892027711224338092e-21
2.488271356783919600e+03	1.680593002018032909e-19
2.563643216080401999e+03	2.413194627294388599e-20
2.639015075376884397e+03	3.167561303548944028e-20
2.714386934673366795e+03	2.025554521011889540e-20
2.789758793969849194e+03	1.805927976505242309e-22
2.865130653266331592e+03	7.595641593706621582e-23
2.940502512562813990e+03	2.367775661044138035e-23
3.015874371859296389e+03	1.074483004483803821e-23
3.091246231155778787e+03	2.496633673417782163e-23
3.166618090452261185e+03	1.521378869283368865e-23
3.241989949748743584e+03	1.814602953402519084e-23
3.317361809045225982e+03	2.563879487018395672e-23
3.392733668341708380e+03	2.231515131923883423e-23
3.468105527638190779e+03	6.550449216950056598e-23
3.543477386934673177e+03	1.628409967919403694e-22
3.618849246231156030e+03	8.630352358373193867e-22
3.694221105527638429e+03	6.095862997285655253e-20
3.769592964824120827e+03	4.199112635799984667e-21
3.844964824120603225e+03	1.375898647359453231e-21
3.920336683417085624e+03	1.281584937631390422e-21
3.995708542713568022e+03	7.384429452901968379e-22
4.071080402010050420e+03	2.345996203550312933e-21
4.146452261306532819e+03	6.668472983904521471e-19
4.221824120603015217e+03	4.956627561486280125e-21
4.297195979899497615e+03	1.193443042859442531e-21
4.372567839195980014e+03	6.624611268778109404e-22
4.447939698492462412e+03	5.978055912026977190e-22
4.523311557788944810e+03	1.052401645807424966e-20
4.598683417085427209e+03	1.090870982960005330e-21
4.674055276381909607e+03	5.011289825470742566e-21
4.749427135678392006e+03	2.277588148392115688e-21
4.824798994974874404e+03	3.133710049442058840e-22
4.900170854271356802e+03	4.381568602651705741e-22
4.975542713567839201e+03	3.106923135389904059e-21
5.050914572864321599e+03	5.579104266815568916e-20
5.126286432160803997e+03	7.277522537175930112e-22
5.201658291457286396e+03	1.683374128795719542e-22
5.277030150753768794e+03	8.068347194467302875e-23
5.352402010050251192e+03	4.652987325705078123e-23
5.427773869346733591e+03	3.976316518757410353e-23
5.503145728643215989e+03	2.413218107664317298e-23
5.578517587939698387e+03	4.344513980419791634e-23
5.653889447236180786e+03	2.302616866463529059e-22
5.729261306532663184e+03	4.752231510740393378e-21
5.804633165829145582e+03	1.405512507265374401e-22
5.880005025125627981e+03	1.423959656136979141e-23
5.955376884422110379e+03	3.898665792357550393e-24
6.030748743718592777e+03	1.782893913887340311e-24
6.106120603015075176e+03	8.589091838948921494e-25
6.181492462311557574e+03	3.385203894064288002e-25
6.256864321608039972e+03	1.838920541657960672e-25
6.332236180904522371e+03	1.797871502223452015e-25
6.407608040201004769e+03	1.235931036494664703e-25
6.482979899497487168e+03	8.632633340821235824e-26
6.558351758793969566e+03	9.215744480405799824e-26
6.633723618090451964e+03	6.238602233786741375e-26
6.709095477386934363e+03	7.646503009866559803e-26
6.784467336683416761e+03	7.392043188027359355e-26
6.859839195979899159e+03	3.564371657608050175e-26
6.935211055276381558e+03	4.167440478416694981e-26
7.010582914572863956e+03	1.486357518881655746e-26
7.085954773869346354e+03	1.986637412916556306e-26
7.161326633165828753e+03	3.340715677509449859e-26
7.236698492462312061e+03	1.637330486685763574e-26
7.312070351758794459e+03	2.754067961206768450e-26
7.387442211055276857e+03	1.831549083303088071e-26
7.462814070351759256e+03	2.863456173119956271e-26
7.538185929648241654e+03	6.149770522452422912e-27
7.613557788944724052e+03	1.713576367502790923e-26
7.688929648241206451e+03	5.479462085939361111e-27
7.764301507537688849e+03	6.209436025094110380e-27
7.839673366834171247e+03	5.379554769072937405e-27
7.915045226130653646e+03	7.376476717202236282e-27
7.990417085427136044e+03	4.438242005140222583e-27
8.065788944723618442e+03	3.925591035487973407e-27
8.141160804020100841e+03	2.520394984096940494e-27
8.216532663316582330e+03	6.104888417261027392e-27
8.291904522613065637e+03	2.001509259910984651e-27
8.367276381909547126e+03	9.180048620499497524e-28
8.442648241206030434e+03	6.201187455096946686e-27
8.518020100502511923e+03	1.300614090026385497e-27
8.593391959798995231e+03	4.423219394250967372e-27
8.668763819095476720e+03	4.502212403300775380e-27
8.744135678391960028e+03	2.841830122433528339e-28
8.819507537688441516e+03	1.016308832511694572e-27
8.894879396984924824e+03	2.937677512722249091e-27
8.970251256281406313e+03	5.345712599953233598e-27
9.045623115577889621e+03	2.218395045651884061e-27
9.120994974874371110e+03	2.613915330894651301e-27
9.196366834170854418e+03	4.585036304937587747e-28
9.271738693467335906e+03	2.392085391107864993e-27
9.347110552763819214e+03	1.570595061223429612e-27
9.422482412060300703e+03	1.800588275735956965e-27
9.497854271356784011e+03	3.470261965924097130e-28
9.573226130653265500e+03	4.370025976842023873e-28
9.648597989949748808e+03	1.386105528136553006e-27
9.723969849246232116e+03	1.498894393196447477e-27
9.799341708542713604e+03	6.201245484299305236e-28
9.874713567839196912e+03	1.044823925698399895e-27
9.950085427135678401e+03	1.151392850312957883e-27
1.002545728643216171e+04	7.901029283726953196e-28
1.010082914572864320e+04	5.698249273334884595e-28
1.017620100502512651e+04	3.812000503503918126e-28
1.025157286432160799e+04	2.352537082600867685e-28
1.032694472361809130e+04	1.880287904181935209e-28
1.040231658291457279e+04	4.562524300737939808e-28
1.047768844221105610e+04	9.567958884084277927e-28
1.055306030150753759e+04	5.521452707151536570e-28
1.062843216080402090e+04	1.542549239001374813e-27
1.070380402010050238e+04	4.853816847951335104e-28
1.077917587939698569e+04	8.799702034276255420e-28
1.085454773869346718e+04	5.202719059351818207e-28
1.092991959798995049e+04	1.238549411478133916e-27
1.100529145728643198e+04	1.937872827365509763e-28
1.108066331658291529e+04	8.247698807525333179e-28
1.115603517587939677e+04	3.185467515896248716e-28
1.123140703517588008e+04	4.013494992174990151e-29
1.130677889447236157e+04	2.968246478188984137e-28
1.138215075376884488e+04	7.074333435626008221e-29
1.145752261306532637e+04	2.546808201393447203e-28
1.153289447236180968e+04	4.360274790693604574e-28
1.160826633165829116e+04	1.349998244928032099e-28
1.168363819095477447e+04	1.509904882615702649e-28
1.175901005025125596e+04	1.014195699362238159e-28
1.183438190954773927e+04	2.322896625205458181e-28
1.190975376884422076e+04	1.472425436780284045e-28
1.198512562814070407e+04	3.510133620676133240e-28
1.206049748743718555e+04	2.402347874628470907e-28
1.213586934673366886e+04	1.211953100970399673e-28
1.221124120603015035e+04	1.408133861904575920e-28
1.228661306532663366e+04	6.784178339573514102e-29
1.236198492462311515e+04	4.110679317279252267e-29
1.243735678391959846e+04	1.424545687935139023e-28
1.251272864321607994e+04	1.954315952730704337e-28
1.258810050251256325e+04	3.587960793749455806e-29
1.266347236180904474e+04	1.306772061167197705e-28
1.273884422110552805e+04	1.427319016951090474e-28
1.281421608040200954e+04	8.550338505848680991e-29
1.288958793969849285e+04	9.704257604847538303e-29
1.296495979899497434e+04	1.367398985890239866e-28
1.304033165829145764e+04	1.428105923873654491e-28
1.311570351758793913e+04	1.315329681848328996e-28
1.319107537688442244e+04	8.224179418444347273e-29
1.326644723618090393e+04	8.745256327483642891e-29
1.334181909547738724e+04	1.524652721569281211e-28
1.341719095477386873e+04	1.767742504310877689e-28
1.349256281407035203e+04	7.613969791970359404e-29
1.356793467336683352e+04	9.919453085701672642e-29
1.364330653266331683e+04	1.185548018513082999e-28
1.371867839195979832e+04	4.018088070008713123e-29
1.379405025125628163e+04	8.367059529293778427e-29
1.386942211055276312e+04	1.154669665898917355e-28
1.394479396984924642e+04	1.345298673819651360e-28
1.402016582914572791e+04	1.050824452094678977e-28
1.409553768844221122e+04	3.062436788690177885e-29
1.417090954773869271e+04	8.688239116986128674e-29
1.424628140703517602e+04	6.482983036240991635e-29
1.432165326633165751e+04	1.302769674356823269e-28
1.439702512562814081e+04	8.503255560087712313e-29
1.447239698492462412e+04	1.312006987596745992e-28
1.454776884422110561e+04	6.665201596665049695e-29
1.462314070351758892e+04	9.430368024999853572e-29
1.469851256281407041e+04	1.032802248245677491e-28
1.477388442211055371e+04	8.174995705815468647e-29
1.484925628140703520e+04	6.766840292367576960e-29
1.492462814070351851e+04	6.241209059009407594e-29
1.500000000000000000e+04	1.460622445920271750e-28
