# Chain:	[5641.2, 4870.0, 4218.4, 3603.06, 2841.2, 2640.63, 2510.15, 2338.06, 1102.73, 9.4057]
# Electron_projectile_energy, keV	cross_section, cm^2
1.000000000000000000e+00	0.000000000000000000e+00
7.637185929648241256e+01	1.436961156362243795e-30
1.517437185929648251e+02	5.069904309752137670e-32
2.271155778894472519e+02	7.534841072775451911e-33
3.024874371859296502e+02	1.975942894549005373e-33
3.778592964824120486e+02	7.048301593048702438e-34
4.532311557788945038e+02	3.045822053937975571e-34
5.286030150753769021e+02	1.502388131624234204e-34
6.039748743718593005e+02	8.151442375032201978e-35
6.793467336683416988e+02	4.757322115888954084e-35
7.547185929648240972e+02	2.941774702917388464e-35
8.300904522613064955e+02	1.906689943598196855e-35
9.054623115577890076e+02	1.279379601015597550e-35
9.808341708542714059e+02	8.903263992529182393e-36
1.056206030150753804e+03	9.683366529503523245e-18
1.131577889447236203e+03	4.438860564520373761e-15
1.206949748743718601e+03	3.585733503519485914e-18
1.282321608040200999e+03	5.013522455723594083e-18
1.357693467336683398e+03	3.015468933429340896e-18
1.433065326633165796e+03	1.195776052194848434e-17
1.508437185929648194e+03	1.063632167628661753e-16
1.583809045226130593e+03	3.738823525838368366e-18
1.659180904522612991e+03	4.720525416599916760e-20
1.734552763819095389e+03	6.884016019382025413e-15
1.809924623115578015e+03	1.083558432478306804e-15
1.885296482412060413e+03	1.604346788779801069e-14
1.960668341708542812e+03	1.300597145921817691e-17
2.036040201005025210e+03	3.651773905992382817e-20
2.111412060301507609e+03	1.020900954366341656e-17
2.186783919597990007e+03	9.787832018210981305e-19
2.262155778894472405e+03	6.757663393298003131e-19
2.337527638190954804e+03	1.311998662070734242e-20
2.412899497487437202e+03	6.669858884095698640e-21
2.488271356783919600e+03	2.053052114312228045e-19
2.563643216080401999e+03	1.102506318666160932e-18
2.639015075376884397e+03	4.371126905056819416e-17
2.714386934673366795e+03	1.184051622985290170e-19
2.789758793969849194e+03	5.768633152670915025e-21
2.865130653266331592e+03	2.404285422999319397e-20
2.940502512562813990e+03	3.147462002959239031e-22
3.015874371859296389e+03	7.695610782331318428e-23
3.091246231155778787e+03	4.619149017622359547e-23
3.166618090452261185e+03	3.553193330222993671e-23
3.241989949748743584e+03	2.353573554971127674e-23
3.317361809045225982e+03	2.889857130862043008e-23
3.392733668341708380e+03	2.457914599824695897e-23
3.468105527638190779e+03	6.667527905777047217e-23
3.543477386934673177e+03	1.676121891929956783e-22
3.618849246231156030e+03	8.638498610406606974e-22
3.694221105527638429e+03	6.096041933930883185e-20
3.769592964824120827e+03	4.202548811225260668e-21
3.844964824120603225e+03	1.379361650116609338e-21
3.920336683417085624e+03	1.283253397820855059e-21
3.995708542713568022e+03	7.410543108726177060e-22
4.071080402010050420e+03	2.349078878434582023e-21
4.146452261306532819e+03	6.668510038896025615e-19
4.221824120603015217e+03	4.961237683655995218e-21
4.297195979899497615e+03	1.204714040613137498e-21
4.372567839195980014e+03	6.820990347978021375e-22
4.447939698492462412e+03	6.592438571175650024e-22
4.523311557788944810e+03	1.291279302446860051e-20
4.598683417085427209e+03	9.653129678748322850e-21
4.674055276381909607e+03	5.418336140975590089e-21
4.749427135678392006e+03	2.494003178023079343e-21
4.824798994974874404e+03	4.876566803045842644e-22
4.900170854271356802e+03	7.352095637509646857e-22
4.975542713567839201e+03	3.834657975561150507e-21
5.050914572864321599e+03	6.406547940443618200e-20
5.126286432160803997e+03	1.109998279533203551e-19
5.201658291457286396e+03	1.557819586463631606e-21
5.277030150753768794e+03	4.010378369265742753e-22
5.352402010050251192e+03	1.862796684765905981e-22
5.427773869346733591e+03	1.312868294426451150e-22
5.503145728643215989e+03	8.961192947956702334e-23
5.578517587939698387e+03	1.218715040241951660e-22
5.653889447236180786e+03	3.526832517376714257e-22
5.729261306532663184e+03	4.986609791984263634e-21
5.804633165829145582e+03	1.774939918597378010e-21
5.880005025125627981e+03	5.192973023751081955e-22
5.955376884422110379e+03	3.935163567051642961e-23
6.030748743718592777e+03	1.046224036100172155e-23
6.106120603015075176e+03	4.158993924410466000e-24
6.181492462311557574e+03	1.801709696894781906e-24
6.256864321608039972e+03	8.110579809567360978e-25
6.332236180904522371e+03	6.839936111331302604e-25
6.407608040201004769e+03	4.020224552841917292e-25
6.482979899497487168e+03	3.191177825084238378e-25
6.558351758793969566e+03	2.258305234879499227e-25
6.633723618090451964e+03	1.441548575794498370e-25
6.709095477386934363e+03	1.265540455255507455e-25
6.784467336683416761e+03	1.162757044186089823e-25
6.859839195979899159e+03	9.753930529721694062e-26
6.935211055276381558e+03	6.807746690116200774e-26
7.010582914572863956e+03	3.630318995933218569e-26
7.085954773869346354e+03	6.014082897731186088e-26
7.161326633165828753e+03	6.674454623159895462e-26
7.236698492462312061e+03	3.098374740584268769e-26
7.312070351758794459e+03	4.981011820424649034e-26
7.387442211055276857e+03	2.977958467286046785e-26
7.462814070351759256e+03	6.007769091886693009e-26
7.538185929648241654e+03	3.011554352243209141e-26
7.613557788944724052e+03	2.987009515150128107e-26
7.688929648241206451e+03	1.333835623533848761e-26
7.764301507537688849e+03	1.431732411786529074e-26
7.839673366834171247e+03	1.753743553135647278e-26
7.915045226130653646e+03	1.125912322192554207e-26
7.990417085427136044e+03	7.281184604354286966e-27
8.065788944723618442e+03	1.132635955317698794e-26
8.141160804020100841e+03	5.645001452275560841e-27
8.216532663316582330e+03	7.312894867171705746e-27
8.291904522613065637e+03	9.952128464879796540e-27
8.367276381909547126e+03	6.955558915277046854e-27
8.442648241206030434e+03	1.059430292664041521e-26
8.518020100502511923e+03	3.308395546060001612e-27
8.593391959798995231e+03	5.252944603994648719e-27
8.668763819095476720e+03	7.949244850011568780e-27
8.744135678391960028e+03	3.225162494068224910e-27
8.819507537688441516e+03	1.914821406165300802e-27
8.894879396984924824e+03	5.513938384402221207e-27
8.970251256281406313e+03	7.755847316403552226e-27
9.045623115577889621e+03	5.218621512566707667e-27
9.120994974874371110e+03	4.970772627588938609e-27
9.196366834170854418e+03	2.266776547957145262e-27
9.271738693467335906e+03	2.910983925488593467e-27
9.347110552763819214e+03	3.587165472922188176e-27
9.422482412060300703e+03	3.720189098732696689e-27
9.497854271356784011e+03	1.292272920883457111e-27
9.573226130653265500e+03	6.051492736903267402e-28
9.648597989949748808e+03	1.805877496233836823e-27
9.723969849246232116e+03	4.099736680034929515e-27
9.799341708542713604e+03	1.310509083611403251e-27
9.874713567839196912e+03	2.078397830640184960e-27
9.950085427135678401e+03	1.830584589711236494e-27
1.002545728643216171e+04	1.220952773517940546e-27
1.010082914572864320e+04	1.191410660361217492e-27
1.017620100502512651e+04	1.608479498122071838e-27
1.025157286432160799e+04	6.093893205838242825e-28
1.032694472361809130e+04	3.552010098588609112e-28
1.040231658291457279e+04	1.129310956903395649e-27
1.047768844221105610e+04	1.855692197001556305e-27
1.055306030150753759e+04	9.434194572027804128e-28
1.062843216080402090e+04	1.713129492416741698e-27
1.070380402010050238e+04	1.265796474915135663e-27
1.077917587939698569e+04	1.195179933804035828e-27
1.085454773869346718e+04	7.063444843398185743e-28
1.092991959798995049e+04	1.403507140806566092e-27
1.100529145728643198e+04	5.674583763458316275e-28
1.108066331658291529e+04	9.365169175660036816e-28
1.115603517587939677e+04	1.266906123257602106e-27
1.123140703517588008e+04	1.032683793346981143e-27
1.130677889447236157e+04	7.977885267908988081e-28
1.138215075376884488e+04	2.113031940189753400e-28
1.145752261306532637e+04	5.635939785373834929e-28
1.153289447236180968e+04	8.446539814432814117e-28
1.160826633165829116e+04	3.441489207839784412e-28
1.168363819095477447e+04	3.201918296973222431e-28
1.175901005025125596e+04	3.033771433354222779e-28
1.183438190954773927e+04	3.853752911834614627e-28
1.190975376884422076e+04	2.284046505274380924e-28
1.198512562814070407e+04	6.001705199628314965e-28
1.206049748743718555e+04	4.610501664333895194e-28
1.213586934673366886e+04	2.529684764222527876e-28
1.221124120603015035e+04	1.976619669786069714e-28
1.228661306532663366e+04	1.294690729222223641e-28
1.236198492462311515e+04	1.082047141614233144e-28
1.243735678391959846e+04	2.583050064225624801e-28
1.251272864321607994e+04	3.310805660229828608e-28
1.258810050251256325e+04	1.167158526655031498e-28
1.266347236180904474e+04	1.954893712957828449e-28
1.273884422110552805e+04	2.410086650793213204e-28
1.281421608040200954e+04	2.667952710381074529e-28
1.288958793969849285e+04	1.730692327100655329e-28
1.296495979899497434e+04	1.826982664270265105e-28
1.304033165829145764e+04	2.431035746121567618e-28
1.311570351758793913e+04	2.171905357179290021e-28
1.319107537688442244e+04	2.409785035509485233e-28
1.326644723618090393e+04	1.382676057694157333e-28
1.334181909547738724e+04	2.147361603706419795e-28
1.341719095477386873e+04	2.844806302444517080e-28
1.349256281407035203e+04	1.196783098024899203e-28
1.356793467336683352e+04	1.878453568165290557e-28
1.364330653266331683e+04	2.604569776874211565e-28
1.371867839195979832e+04	8.799344800672952562e-29
1.379405025125628163e+04	1.196942457843139903e-28
1.386942211055276312e+04	1.761346013039693896e-28
1.394479396984924642e+04	1.666830627955368386e-28
1.402016582914572791e+04	1.740225572272169505e-28
1.409553768844221122e+04	6.977426567781454412e-29
1.417090954773869271e+04	1.188953894233483119e-28
1.424628140703517602e+04	1.030025871638407006e-28
1.432165326633165751e+04	1.886531683087551307e-28
1.439702512562814081e+04	1.464084932453898335e-28
1.447239698492462412e+04	1.589747377925708644e-28
1.454776884422110561e+04	9.331502152556949905e-29
1.462314070351758892e+04	1.258978860298498653e-28
1.469851256281407041e+04	1.630165769481084778e-28
1.477388442211055371e+04	1.234931239050971238e-28
1.484925628140703520e+04	1.073102888615563060e-28
1.492462814070351851e+04	1.170679632456387805e-28
1.500000000000000000e+04	2.026676726303156088e-28
