# Chain:	[5641.2, 4870.0, 4218.4, 3157.51, 2550.85, 2265.8, 1738.19, 1102.73, 9.4057]
# Electron_projectile_energy, keV	cross_section, cm^2
1.000000000000000000e+00	0.000000000000000000e+00
7.637185929648241256e+01	1.436961156362243795e-30
1.517437185929648251e+02	5.069904309752137670e-32
2.271155778894472519e+02	7.534841072775451911e-33
3.024874371859296502e+02	1.975942894549005373e-33
3.778592964824120486e+02	7.048301593048702438e-34
4.532311557788945038e+02	3.045822053937975571e-34
5.286030150753769021e+02	1.502388131624234204e-34
6.039748743718593005e+02	8.151442375032201978e-35
6.793467336683416988e+02	4.757322115888954084e-35
7.547185929648240972e+02	2.941774702917388464e-35
8.300904522613064955e+02	1.906689943598196855e-35
9.054623115577890076e+02	1.279379601015597550e-35
9.808341708542714059e+02	8.903263992529182393e-36
1.056206030150753804e+03	9.683366529503523245e-18
1.131577889447236203e+03	9.987383824843995937e-20
1.206949748743718601e+03	3.548342173329527193e-22
1.282321608040200999e+03	3.422220351098027397e-19
1.357693467336683398e+03	3.007156392044715730e-18
1.433065326633165796e+03	1.127674073904675939e-21
1.508437185929648194e+03	1.202423324616793663e-22
1.583809045226130593e+03	3.736517776308481448e-18
1.659180904522612991e+03	4.691999631568464982e-20
1.734552763819095389e+03	6.884015986603302323e-15
1.809924623115578015e+03	4.677885906685821732e-17
1.885296482412060413e+03	1.232747275343896121e-17
1.960668341708542812e+03	4.566159911232003662e-18
2.036040201005025210e+03	3.269064735294384166e-20
2.111412060301507609e+03	8.996608289158830164e-18
2.186783919597990007e+03	8.898153415781363576e-19
2.262155778894472405e+03	6.705880347760075993e-19
2.337527638190954804e+03	5.476988858491522750e-21
2.412899497487437202e+03	1.904353362205206804e-21
2.488271356783919600e+03	1.680646591753554313e-19
2.563643216080401999e+03	2.604998019433902839e-20
2.639015075376884397e+03	6.512838727978496951e-20
2.714386934673366795e+03	2.130493821978730430e-20
2.789758793969849194e+03	1.898340151653802294e-22
2.865130653266331592e+03	7.928060597019337921e-23
2.940502512562813990e+03	2.442267488062664500e-23
3.015874371859296389e+03	1.104794934092013310e-23
3.091246231155778787e+03	2.530198756613939980e-23
3.166618090452261185e+03	1.525513994113940616e-23
3.241989949748743584e+03	1.819101555589544151e-23
3.317361809045225982e+03	2.569583181486662794e-23
3.392733668341708380e+03	2.238690682240157996e-23
3.468105527638190779e+03	6.557955559682879610e-23
3.543477386934673177e+03	1.628812671737625572e-22
3.618849246231156030e+03	8.630760350489399455e-22
3.694221105527638429e+03	6.095867825420518159e-20
3.769592964824120827e+03	4.199228493452446359e-21
3.844964824120603225e+03	1.375982855122981153e-21
3.920336683417085624e+03	1.281690356241986647e-21
3.995708542713568022e+03	7.384997098863885880e-22
4.071080402010050420e+03	2.346039407700361766e-21
4.146452261306532819e+03	6.668474247923361075e-19
4.221824120603015217e+03	4.956801674073751875e-21
4.297195979899497615e+03	1.193895144347126845e-21
4.372567839195980014e+03	6.649556539364034215e-22
4.447939698492462412e+03	6.114199960808680644e-22
4.523311557788944810e+03	1.101978187657414655e-20
4.598683417085427209e+03	1.109546667110091756e-21
4.674055276381909607e+03	5.017275570444565280e-21
4.749427135678392006e+03	2.283560405314221276e-21
4.824798994974874404e+03	3.221949160549578789e-22
4.900170854271356802e+03	4.580893920390481920e-22
4.975542713567839201e+03	3.257214491959120334e-21
5.050914572864321599e+03	5.849452607062681524e-20
5.126286432160803997e+03	8.433835009194575030e-22
5.201658291457286396e+03	1.774413357481334572e-22
5.277030150753768794e+03	8.476624949787392872e-23
5.352402010050251192e+03	4.886372275863265346e-23
5.427773869346733591e+03	4.171255981756854616e-23
5.503145728643215989e+03	2.532815145262032802e-23
5.578517587939698387e+03	4.558475729423772039e-23
5.653889447236180786e+03	2.414769032238640770e-22
5.729261306532663184e+03	4.982179463107569637e-21
5.804633165829145582e+03	1.485359588410964390e-22
5.880005025125627981e+03	1.528747139528751714e-23
5.955376884422110379e+03	4.107221342128663635e-24
6.030748743718592777e+03	1.871937582928115730e-24
6.106120603015075176e+03	8.976244801511969635e-25
6.181492462311557574e+03	3.535086351512357060e-25
6.256864321608039972e+03	1.911145825928968961e-25
6.332236180904522371e+03	1.877455063967431305e-25
6.407608040201004769e+03	1.278533641506452033e-25
6.482979899497487168e+03	9.013300024249327707e-26
6.558351758793969566e+03	9.414895864972807299e-26
6.633723618090451964e+03	6.397596899621756390e-26
6.709095477386934363e+03	7.780603679917613183e-26
6.784467336683416761e+03	7.656244926273898556e-26
6.859839195979899159e+03	3.682385652438634645e-26
6.935211055276381558e+03	4.338560327548028491e-26
7.010582914572863956e+03	1.513321083668618598e-26
7.085954773869346354e+03	2.078849094879633276e-26
7.161326633165828753e+03	3.432068137029975119e-26
7.236698492462312061e+03	1.654861857265688849e-26
7.312070351758794459e+03	2.799844823701391790e-26
7.387442211055276857e+03	1.841652560277251437e-26
7.462814070351759256e+03	2.935573149653412122e-26
7.538185929648241654e+03	6.386751121024866931e-27
7.613557788944724052e+03	1.762673271364111192e-26
7.688929648241206451e+03	5.540971075461160404e-27
7.764301507537688849e+03	6.390566301226011687e-27
7.839673366834171247e+03	5.619788869048376900e-27
7.915045226130653646e+03	7.398609294705683346e-27
7.990417085427136044e+03	4.558272463586912426e-27
8.065788944723618442e+03	3.977640989953317148e-27
8.141160804020100841e+03	2.591293658486323719e-27
8.216532663316582330e+03	6.128519652033187167e-27
8.291904522613065637e+03	2.082097432816116736e-27
8.367276381909547126e+03	9.571302811520237936e-28
8.442648241206030434e+03	6.469665446107073798e-27
8.518020100502511923e+03	1.336858090402386031e-27
8.593391959798995231e+03	4.440077736942809762e-27
8.668763819095476720e+03	4.580710611939437708e-27
8.744135678391960028e+03	2.865806501288518814e-28
8.819507537688441516e+03	1.062852498728136263e-27
8.894879396984924824e+03	2.953313599596019718e-27
8.970251256281406313e+03	5.421403890841204957e-27
9.045623115577889621e+03	2.266595029963557015e-27
9.120994974874371110e+03	2.674871452420394374e-27
9.196366834170854418e+03	4.669795975294520209e-28
9.271738693467335906e+03	2.473697164969789501e-27
9.347110552763819214e+03	1.621266102503891345e-27
9.422482412060300703e+03	1.829188043735494121e-27
9.497854271356784011e+03	3.586959079890507186e-28
9.573226130653265500e+03	4.447138913027952223e-28
9.648597989949748808e+03	1.423705651654462566e-27
9.723969849246232116e+03	1.535918874054110965e-27
9.799341708542713604e+03	6.486132313759223289e-28
9.874713567839196912e+03	1.049283715160184746e-27
9.950085427135678401e+03	1.161345175437083140e-27
1.002545728643216171e+04	8.086285425460501682e-28
1.010082914572864320e+04	5.940691353690846815e-28
1.017620100502512651e+04	3.868769145761590956e-28
1.025157286432160799e+04	2.412989610759725693e-28
1.032694472361809130e+04	1.885087274391844924e-28
1.040231658291457279e+04	4.718467735449914351e-28
1.047768844221105610e+04	9.676332682652250532e-28
1.055306030150753759e+04	5.595232241788046831e-28
1.062843216080402090e+04	1.550627751115534226e-27
1.070380402010050238e+04	5.041840236522292689e-28
1.077917587939698569e+04	8.884365718901131671e-28
1.085454773869346718e+04	5.377024364075981424e-28
1.092991959798995049e+04	1.239067436026306108e-27
1.100529145728643198e+04	1.978479246732900729e-28
1.108066331658291529e+04	8.248505009744607206e-28
1.115603517587939677e+04	3.324358301135001316e-28
1.123140703517588008e+04	4.105650050618709691e-29
1.130677889447236157e+04	2.994816819878136832e-28
1.138215075376884488e+04	7.188801358053766219e-29
1.145752261306532637e+04	2.639942738243269591e-28
1.153289447236180968e+04	4.386208063704666364e-28
1.160826633165829116e+04	1.351747889043938858e-28
1.168363819095477447e+04	1.539354303451321734e-28
1.175901005025125596e+04	1.030642749661622411e-28
1.183438190954773927e+04	2.346776141995806874e-28
1.190975376884422076e+04	1.524804714879407382e-28
1.198512562814070407e+04	3.539941297457114026e-28
1.206049748743718555e+04	2.442361444199514884e-28
1.213586934673366886e+04	1.248857006360025654e-28
1.221124120603015035e+04	1.457478700356982487e-28
1.228661306532663366e+04	6.823760049032364851e-29
1.236198492462311515e+04	4.163761147210227947e-29
1.243735678391959846e+04	1.436140095226758881e-28
1.251272864321607994e+04	2.019547701611521783e-28
1.258810050251256325e+04	3.637698770913677826e-29
1.266347236180904474e+04	1.310829495050730301e-28
1.273884422110552805e+04	1.430498068108146034e-28
1.281421608040200954e+04	8.717130811196674732e-29
1.288958793969849285e+04	9.826262491912944358e-29
1.296495979899497434e+04	1.380349163801773903e-28
1.304033165829145764e+04	1.436858082787924998e-28
1.311570351758793913e+04	1.345686788567272004e-28
1.319107537688442244e+04	8.266634363631932633e-29
1.326644723618090393e+04	8.826421343170029550e-29
1.334181909547738724e+04	1.527396640650527736e-28
1.341719095477386873e+04	1.782200974269526871e-28
1.349256281407035203e+04	7.746809716282659600e-29
1.356793467336683352e+04	9.951268853867275214e-29
1.364330653266331683e+04	1.195296521827993490e-28
1.371867839195979832e+04	4.042573426946107224e-29
1.379405025125628163e+04	8.534036303551874825e-29
1.386942211055276312e+04	1.155727122949162420e-28
1.394479396984924642e+04	1.357296876700519659e-28
1.402016582914572791e+04	1.065164700707861698e-28
1.409553768844221122e+04	3.152547110344055555e-29
1.417090954773869271e+04	8.707978331120621110e-29
1.424628140703517602e+04	6.517389961671960271e-29
1.432165326633165751e+04	1.305437235103059438e-28
1.439702512562814081e+04	8.566379941119162262e-29
1.447239698492462412e+04	1.314418693012627507e-28
1.454776884422110561e+04	6.674846610517796291e-29
1.462314070351758892e+04	9.490286584133592428e-29
1.469851256281407041e+04	1.037093603736098978e-28
1.477388442211055371e+04	8.210693193537849918e-29
1.484925628140703520e+04	6.903699224794640983e-29
1.492462814070351851e+04	6.288659709943789728e-29
1.500000000000000000e+04	1.464884236378874774e-28
