# Chain:	[5641.2, 4218.4, 3603.06, 3157.51, 2550.85, 1721.43, 1102.73, 9.4057]
# Electron_projectile_energy, keV	cross_section, cm^2
1.000000000000000000e+00	0.000000000000000000e+00
7.637185929648241256e+01	1.436961156362243795e-30
1.517437185929648251e+02	5.069904309752137670e-32
2.271155778894472519e+02	7.534841072775451911e-33
3.024874371859296502e+02	1.975942894549005373e-33
3.778592964824120486e+02	7.048301593048702438e-34
4.532311557788945038e+02	3.045822053937975571e-34
5.286030150753769021e+02	1.502388131624234204e-34
6.039748743718593005e+02	8.151442375032201978e-35
6.793467336683416988e+02	4.757322115888954084e-35
7.547185929648240972e+02	2.941774702917388464e-35
8.300904522613064955e+02	1.906689943598196855e-35
9.054623115577890076e+02	1.279379601015597550e-35
9.808341708542714059e+02	8.903263992529182393e-36
1.056206030150753804e+03	9.683366529503523245e-18
1.131577889447236203e+03	9.987383824843995937e-20
1.206949748743718601e+03	3.548342173329527193e-22
1.282321608040200999e+03	3.422220351098027397e-19
1.357693467336683398e+03	3.007156392044715730e-18
1.433065326633165796e+03	1.127674073904675939e-21
1.508437185929648194e+03	1.202423324616793663e-22
1.583809045226130593e+03	3.736517776308481448e-18
1.659180904522612991e+03	4.691999631568464982e-20
1.734552763819095389e+03	2.313999917729023821e-15
1.809924623115578015e+03	4.435246449738350700e-17
1.885296482412060413e+03	2.302624535126729898e-19
1.960668341708542812e+03	1.534806161524100065e-18
2.036040201005025210e+03	3.018127651904040811e-20
2.111412060301507609e+03	3.071292452801747327e-18
2.186783919597990007e+03	8.862558851269862943e-19
2.262155778894472405e+03	6.703321144395125347e-19
2.337527638190954804e+03	5.252769363544836377e-21
2.412899497487437202e+03	1.731615591857612385e-21
2.488271356783919600e+03	1.680043677255160798e-19
2.563643216080401999e+03	8.673680112907906971e-21
2.639015075376884397e+03	1.119842661750883391e-20
2.714386934673366795e+03	7.152409677799103317e-21
2.789758793969849194e+03	7.159495865709546872e-23
2.865130653266331592e+03	3.439065587207770920e-23
2.940502512562813990e+03	1.434775396114754155e-23
3.015874371859296389e+03	6.980061819136309853e-24
3.091246231155778787e+03	2.056957572040060266e-23
3.166618090452261185e+03	1.481375826334150159e-23
3.241989949748743584e+03	1.756528613574720289e-23
3.317361809045225982e+03	2.488787251872327091e-23
3.392733668341708380e+03	2.136673816482565830e-23
3.468105527638190779e+03	6.450194472388871933e-23
3.543477386934673177e+03	1.623411461694993924e-22
3.618849246231156030e+03	8.624915057449448143e-22
3.694221105527638429e+03	6.095799584629258540e-20
3.769592964824120827e+03	4.197591898600753207e-21
3.844964824120603225e+03	1.374802619666104273e-21
3.920336683417085624e+03	1.280188103542156466e-21
3.995708542713568022e+03	7.377074621911372724e-22
4.071080402010050420e+03	2.345447327009846542e-21
4.146452261306532819e+03	6.668456410852115280e-19
4.221824120603015217e+03	4.954340301901429376e-21
4.297195979899497615e+03	1.187497964256539563e-21
4.372567839195980014e+03	6.292434330639447347e-22
4.447939698492462412e+03	4.160659488675363929e-22
4.523311557788944810e+03	3.907512181457041661e-21
4.598683417085427209e+03	9.245603259233136109e-22
4.674055276381909607e+03	4.935106048149439501e-21
4.749427135678392006e+03	2.199718971660909958e-21
4.824798994974874404e+03	1.968963300162342599e-22
4.900170854271356802e+03	1.741041755435112735e-22
4.975542713567839201e+03	1.101163833159903865e-21
5.050914572864321599e+03	1.966373314638757043e-20
5.126286432160803997e+03	2.585458045826492460e-22
5.201658291457286396e+03	6.000850792715669820e-23
5.277030150753768794e+03	2.913794559884206034e-23
5.352402010050251192e+03	1.664011931658662878e-23
5.427773869346733591e+03	1.455042442561018424e-23
5.503145728643215989e+03	8.755215186637561697e-24
5.578517587939698387e+03	1.555651461546206697e-23
5.653889447236180786e+03	8.125234010487187794e-23
5.729261306532663184e+03	1.674785657582382173e-21
5.804633165829145582e+03	4.960961199953083714e-23
5.880005025125627981e+03	5.149247687276303783e-24
5.955376884422110379e+03	1.452474200438226144e-24
6.030748743718592777e+03	6.752737797433456421e-25
6.106120603015075176e+03	3.726836257639753215e-25
6.181492462311557574e+03	1.520725540271056092e-25
6.256864321608039972e+03	9.327563575791372732e-26
6.332236180904522371e+03	7.811840584049642259e-26
6.407608040201004769e+03	6.923055690337731612e-26
6.482979899497487168e+03	3.761903318087027409e-26
6.558351758793969566e+03	6.678236362525290660e-26
6.633723618090451964e+03	4.188277123495211087e-26
6.709095477386934363e+03	5.898752256101567568e-26
6.784467336683416761e+03	3.894306278418336995e-26
6.859839195979899159e+03	2.044120572068647512e-26
6.935211055276381558e+03	1.901036482096850961e-26
7.010582914572863956e+03	1.145917682419749494e-26
7.085954773869346354e+03	7.907834033781156530e-27
7.161326633165828753e+03	2.149273836973716790e-26
7.236698492462312061e+03	1.416770162855869968e-26
7.312070351758794459e+03	2.161711646603821413e-26
7.387442211055276857e+03	1.707150883835182907e-26
7.462814070351759256e+03	1.928023213269652670e-26
7.538185929648241654e+03	3.209392288871928762e-27
7.613557788944724052e+03	1.068278802848712345e-26
7.688929648241206451e+03	4.731228129068968562e-27
7.764301507537688849e+03	3.862158594228876193e-27
7.839673366834171247e+03	2.279671687423668731e-27
7.915045226130653646e+03	7.115900427809848947e-27
7.990417085427136044e+03	2.857347228663432821e-27
8.065788944723618442e+03	3.299112173711462480e-27
8.141160804020100841e+03	1.597773548280037184e-27
8.216532663316582330e+03	5.799215175880701986e-27
8.291904522613065637e+03	9.973609767108806363e-28
8.367276381909547126e+03	4.518006883167290515e-28
8.442648241206030434e+03	2.645841234307376683e-27
8.518020100502511923e+03	8.341184115268012789e-28
8.593391959798995231e+03	4.203968211806757991e-27
8.668763819095476720e+03	3.483399064020548066e-27
8.744135678391960028e+03	2.797877887068061161e-28
8.819507537688441516e+03	4.012197015944199454e-28
8.894879396984924824e+03	2.752588105304298677e-27
8.970251256281406313e+03	4.354377832949675512e-27
9.045623115577889621e+03	1.600883630051432961e-27
9.120994974874371110e+03	1.818442152444556015e-27
9.196366834170854418e+03	3.616018063538386747e-28
9.271738693467335906e+03	1.303140459544959800e-27
9.347110552763819214e+03	9.106369626483556648e-28
9.422482412060300703e+03	1.435331190807404877e-27
9.497854271356784011e+03	1.992555803986814548e-28
9.573226130653265500e+03	3.342248620637811815e-28
9.648597989949748808e+03	8.857718744386911651e-28
9.723969849246232116e+03	1.027095477247519169e-27
9.799341708542713604e+03	2.439173160327381553e-28
9.874713567839196912e+03	9.943401646968554408e-28
9.950085427135678401e+03	1.023817353484409549e-27
1.002545728643216171e+04	5.457702212283802127e-28
1.010082914572864320e+04	2.502400367332084454e-28
1.017620100502512651e+04	3.163483912545343106e-28
1.025157286432160799e+04	1.566305380352924613e-28
1.032694472361809130e+04	1.828422566425520023e-28
1.040231658291457279e+04	2.531647173759580185e-28
1.047768844221105610e+04	8.194930490326590576e-28
1.055306030150753759e+04	4.565837466398637473e-28
1.062843216080402090e+04	1.435084061882323973e-27
1.070380402010050238e+04	2.401280936885037664e-28
1.077917587939698569e+04	7.692612562389527094e-28
1.085454773869346718e+04	2.875807264087524961e-28
1.092991959798995049e+04	1.232294410241334576e-27
1.100529145728643198e+04	1.428316944014208138e-28
1.108066331658291529e+04	8.240766367394389646e-28
1.115603517587939677e+04	1.413713624147471228e-28
1.123140703517588008e+04	3.699744239454615560e-29
1.130677889447236157e+04	2.657537520882743601e-28
1.138215075376884488e+04	5.618375336928737955e-29
1.145752261306532637e+04	1.324658692999309854e-28
1.153289447236180968e+04	4.048504650790100909e-28
1.160826633165829116e+04	1.340941985938459318e-28
1.168363819095477447e+04	1.125764178557539271e-28
1.175901005025125596e+04	8.084987256543756357e-29
1.183438190954773927e+04	2.013728962377647664e-28
1.190975376884422076e+04	7.721999358088277120e-29
1.198512562814070407e+04	3.131493702068453945e-28
1.206049748743718555e+04	1.883921254746101054e-28
1.213586934673366886e+04	7.263667178182020548e-29
1.221124120603015035e+04	7.481070488055243860e-29
1.228661306532663366e+04	6.270672926541127724e-29
1.236198492462311515e+04	3.422966008809858719e-29
1.243735678391959846e+04	1.277338116194286461e-28
1.251272864321607994e+04	1.089324426325155408e-28
1.258810050251256325e+04	2.962707325498502112e-29
1.266347236180904474e+04	1.254140197820435596e-28
1.273884422110552805e+04	1.390876000915070139e-28
1.281421608040200954e+04	6.462070304482414407e-29
1.288958793969849285e+04	8.110166075809086207e-29
1.296495979899497434e+04	1.194353083131676236e-28
1.304033165829145764e+04	1.316699290515738347e-28
1.311570351758793913e+04	9.140067663894384297e-29
1.319107537688442244e+04	7.773068326827041041e-29
1.326644723618090393e+04	7.669823868041216250e-29
1.334181909547738724e+04	1.490515894330529572e-28
1.341719095477386873e+04	1.582088556572460158e-28
1.349256281407035203e+04	5.849986810526230094e-29
1.356793467336683352e+04	9.551881934709148835e-29
1.364330653266331683e+04	1.065232190555682531e-28
1.371867839195979832e+04	3.708455287542614535e-29
1.379405025125628163e+04	6.143683899715402199e-29
1.386942211055276312e+04	1.143901076836465840e-28
1.394479396984924642e+04	1.184801930305719359e-28
1.402016582914572791e+04	8.623361513921218330e-29
1.409553768844221122e+04	1.871568937246304278e-29
1.417090954773869271e+04	8.424333664835556524e-29
1.424628140703517602e+04	6.034367229369714496e-29
1.432165326633165751e+04	1.270487087157127347e-28
1.439702512562814081e+04	7.687862897601011236e-29
1.447239698492462412e+04	1.280274093642412906e-28
1.454776884422110561e+04	6.536161744167916183e-29
1.462314070351758892e+04	8.632809065418202925e-29
1.469851256281407041e+04	9.786185642910050365e-29
1.477388442211055371e+04	7.717385224502803712e-29
1.484925628140703520e+04	4.945791500405245721e-29
1.492462814070351851e+04	5.637445753969885604e-29
1.500000000000000000e+04	1.406957183409597690e-28
