# Electron_projectile_energy, keV	cross_section, cm^2
1.000000000000000000e+00	0.000000000000000000e+00
7.637185929648241256e+01	0.000000000000000000e+00
1.517437185929648251e+02	0.000000000000000000e+00
2.271155778894472519e+02	0.000000000000000000e+00
3.024874371859296502e+02	0.000000000000000000e+00
3.778592964824120486e+02	0.000000000000000000e+00
4.532311557788945038e+02	0.000000000000000000e+00
5.286030150753769021e+02	0.000000000000000000e+00
6.039748743718593005e+02	0.000000000000000000e+00
6.793467336683416988e+02	0.000000000000000000e+00
7.547185929648240972e+02	0.000000000000000000e+00
8.300904522613064955e+02	0.000000000000000000e+00
9.054623115577890076e+02	0.000000000000000000e+00
9.808341708542714059e+02	0.000000000000000000e+00
1.056206030150753804e+03	0.000000000000000000e+00
1.131577889447236203e+03	0.000000000000000000e+00
1.206949748743718601e+03	9.983996731354711257e-26
1.282321608040200999e+03	7.115955891028400114e-27
1.357693467336683398e+03	2.091735589326336766e-26
1.433065326633165796e+03	6.168054997358110111e-32
1.508437185929648194e+03	1.734985958258241219e-29
1.583809045226130593e+03	1.047386322164122341e-25
1.659180904522612991e+03	1.914607427994384907e-28
1.734552763819095389e+03	2.556687660493392399e-29
1.809924623115578015e+03	4.811242816195002706e-28
1.885296482412060413e+03	6.018083164136519847e-29
1.960668341708542812e+03	6.639057858605676417e-31
2.036040201005025210e+03	9.268146403374951450e-31
2.111412060301507609e+03	7.954329652850845447e-30
2.186783919597990007e+03	5.965393870002725815e-29
2.262155778894472405e+03	5.507178565507681252e-30
2.337527638190954804e+03	1.127493892474734474e-29
2.412899497487437202e+03	1.247510862494240684e-30
2.488271356783919600e+03	2.251155600614256982e-29
2.563643216080401999e+03	1.115809367219316268e-30
2.639015075376884397e+03	1.787700526446967202e-31
2.714386934673366795e+03	9.680173028818304975e-32
2.789758793969849194e+03	1.907421847097620066e-31
2.865130653266331592e+03	5.375022564024094178e-32
2.940502512562813990e+03	5.611393492991277380e-32
3.015874371859296389e+03	2.680279033877017933e-31
3.091246231155778787e+03	5.253211270153581441e-30
3.166618090452261185e+03	1.385743800839892492e-30
3.241989949748743584e+03	1.248560795282791510e-31
3.317361809045225982e+03	5.199395194576650452e-32
3.392733668341708380e+03	4.178198952648497221e-32
3.468105527638190779e+03	4.321871831856771843e-32
3.543477386934673177e+03	6.460060675429396506e-32
3.618849246231156030e+03	9.660668615641090906e-32
3.694221105527638429e+03	2.442832757841324260e-31
3.769592964824120827e+03	4.448308905709215030e-29
3.844964824120603225e+03	3.611941964792285774e-31
3.920336683417085624e+03	8.857922327809606177e-32
3.995708542713568022e+03	4.152896472228857338e-32
4.071080402010050420e+03	2.539263925056341594e-32
4.146452261306532819e+03	1.151981550681526841e-32
4.221824120603015217e+03	2.307350815815098592e-32
4.297195979899497615e+03	1.706635635136625774e-32
4.372567839195980014e+03	1.563677986005266439e-32
4.447939698492462412e+03	2.261253121689452848e-32
4.523311557788944810e+03	1.668507059395912360e-32
4.598683417085427209e+03	5.840036738984786782e-32
4.674055276381909607e+03	4.452941573970244960e-31
4.749427135678392006e+03	1.317281620267537713e-29
4.824798994974874404e+03	3.918571006287382967e-31
4.900170854271356802e+03	5.622802497362658955e-32
4.975542713567839201e+03	1.966066866653229439e-32
5.050914572864321599e+03	9.419911902033740700e-33
5.126286432160803997e+03	5.122278859772673643e-33
5.201658291457286396e+03	3.474708109711670440e-33
5.277030150753768794e+03	2.124792875097107631e-33
5.352402010050251192e+03	1.373463347148186239e-33
5.427773869346733591e+03	1.011268582317950065e-33
5.503145728643215989e+03	7.584640026244113938e-34
5.578517587939698387e+03	6.109379213937083732e-34
5.653889447236180786e+03	4.616641157395373118e-34
5.729261306532663184e+03	3.158327640848296424e-34
5.804633165829145582e+03	2.641495271336957631e-34
5.880005025125627981e+03	2.377252645688485149e-34
5.955376884422110379e+03	2.059842573468752096e-34
6.030748743718592777e+03	1.128065671352912990e-34
6.106120603015075176e+03	1.255156794705171585e-34
6.181492462311557574e+03	1.126942754033760820e-34
6.256864321608039972e+03	6.490656287530186594e-35
6.332236180904522371e+03	6.335339514994801186e-35
6.407608040201004769e+03	4.996067423029076222e-35
6.482979899497487168e+03	4.237422946998571130e-35
6.558351758793969566e+03	5.157581695508725620e-35
6.633723618090451964e+03	3.547090812879278389e-35
6.709095477386934363e+03	2.375231113442095491e-35
6.784467336683416761e+03	3.226435719674705498e-35
6.859839195979899159e+03	2.392662240115101799e-35
6.935211055276381558e+03	2.416075569483225744e-35
7.010582914572863956e+03	1.691179593088326158e-35
7.085954773869346354e+03	1.554122063061699843e-35
7.161326633165828753e+03	1.342780253668382706e-35
7.236698492462312061e+03	1.036780323267018628e-35
7.312070351758794459e+03	1.255575374806835065e-35
7.387442211055276857e+03	8.588753483534422545e-36
7.462814070351759256e+03	8.222596653926226136e-36
7.538185929648241654e+03	5.858430330109690646e-36
7.613557788944724052e+03	3.824224735696456707e-36
7.688929648241206451e+03	4.448142771232920473e-36
7.764301507537688849e+03	3.362186517745655974e-36
7.839673366834171247e+03	6.410413921860870204e-36
7.915045226130653646e+03	3.226194028881795730e-36
7.990417085427136044e+03	2.771165103933963566e-36
8.065788944723618442e+03	3.131402849609214049e-36
8.141160804020100841e+03	3.603254515082867244e-36
8.216532663316582330e+03	3.258096185149990864e-36
8.291904522613065637e+03	3.222548304614402143e-36
8.367276381909547126e+03	1.744000659107578206e-36
8.442648241206030434e+03	1.295387600257984065e-36
8.518020100502511923e+03	2.021213062930339026e-36
8.593391959798995231e+03	2.144357667666128878e-36
8.668763819095476720e+03	1.382252626738705724e-36
8.744135678391960028e+03	1.582766893238477078e-36
8.819507537688441516e+03	1.127439577652716572e-36
8.894879396984924824e+03	1.210980957033780377e-36
8.970251256281406313e+03	1.122474865887605258e-36
9.045623115577889621e+03	1.461289834859440082e-36
9.120994974874371110e+03	7.602104217841289390e-37
9.196366834170854418e+03	7.369972151426607002e-37
9.271738693467335906e+03	5.574185590300043289e-37
9.347110552763819214e+03	8.233980168654095367e-37
9.422482412060300703e+03	8.420014919002802040e-37
9.497854271356784011e+03	1.035969468676880521e-36
9.573226130653265500e+03	5.881368959577225410e-37
9.648597989949748808e+03	5.267371293337275673e-37
9.723969849246232116e+03	5.575966923586955409e-37
9.799341708542713604e+03	2.806380917926815102e-37
9.874713567839196912e+03	2.202257142383686674e-37
9.950085427135678401e+03	5.630479125328729099e-37
1.002545728643216171e+04	2.972715067631774996e-37
1.010082914572864320e+04	4.814446274038827710e-37
1.017620100502512651e+04	4.704860821238481748e-37
1.025157286432160799e+04	3.081973819961618477e-37
1.032694472361809130e+04	2.435541311761861724e-37
1.040231658291457279e+04	3.312582028919495093e-37
1.047768844221105610e+04	3.835478965793412160e-37
1.055306030150753759e+04	3.514806189203902963e-37
1.062843216080402090e+04	2.252689521721824340e-37
1.070380402010050238e+04	2.920612124470841345e-37
1.077917587939698569e+04	3.727872795922656715e-37
1.085454773869346718e+04	2.705694730579946457e-37
1.092991959798995049e+04	2.304641737103281617e-37
1.100529145728643198e+04	2.017407200676900725e-37
1.108066331658291529e+04	2.472304803146915636e-37
1.115603517587939677e+04	2.232496225041501754e-37
1.123140703517588008e+04	1.964933171310382606e-37
1.130677889447236157e+04	2.303971290981881728e-37
1.138215075376884488e+04	2.300593168631973081e-37
1.145752261306532637e+04	1.668817894767200574e-37
1.153289447236180968e+04	1.639948100092988363e-37
1.160826633165829116e+04	1.200554150909221920e-37
1.168363819095477447e+04	2.511576831655203228e-37
1.175901005025125596e+04	2.154779855793951225e-37
1.183438190954773927e+04	1.491795914791119730e-37
1.190975376884422076e+04	1.837737055822637917e-37
1.198512562814070407e+04	1.145959020864480618e-37
1.206049748743718555e+04	1.502781880079894988e-37
1.213586934673366886e+04	1.081886832751263736e-37
1.221124120603015035e+04	1.310271728786693884e-37
1.228661306532663366e+04	1.186761528078181562e-37
1.236198492462311515e+04	1.214158163819766688e-37
1.243735678391959846e+04	9.429655486204383196e-38
1.251272864321607994e+04	7.257069255258712327e-38
1.258810050251256325e+04	8.446644678997257820e-38
1.266347236180904474e+04	9.383317446511533710e-38
1.273884422110552805e+04	8.524112699462927107e-38
1.281421608040200954e+04	8.437494282352491093e-38
1.288958793969849285e+04	5.650480051628260320e-38
1.296495979899497434e+04	1.004100287566580786e-37
1.304033165829145764e+04	8.927612376510931387e-38
1.311570351758793913e+04	5.639475406859320894e-38
1.319107537688442244e+04	1.000083917045184744e-37
1.326644723618090393e+04	7.037321773164898270e-38
1.334181909547738724e+04	8.823252397513636127e-38
1.341719095477386873e+04	7.232417484878547236e-38
1.349256281407035203e+04	6.996756761497468551e-38
1.356793467336683352e+04	6.294665976175359874e-38
1.364330653266331683e+04	7.475517640683851755e-38
1.371867839195979832e+04	6.713895709225811717e-38
1.379405025125628163e+04	7.231217334675338160e-38
1.386942211055276312e+04	7.173996896464431614e-38
1.394479396984924642e+04	6.210446437529162417e-38
1.402016582914572791e+04	4.893051143147502753e-38
1.409553768844221122e+04	5.670438005994660780e-38
1.417090954773869271e+04	5.320258978745010786e-38
1.424628140703517602e+04	3.050964005631580148e-38
1.432165326633165751e+04	5.702645642329564675e-38
1.439702512562814081e+04	5.322869351498930127e-38
1.447239698492462412e+04	5.776127710730744033e-38
1.454776884422110561e+04	4.804503208480069966e-38
1.462314070351758892e+04	5.768211304136067958e-38
1.469851256281407041e+04	4.768947303661888415e-38
1.477388442211055371e+04	4.163093625956302106e-38
1.484925628140703520e+04	3.536182802218878308e-38
1.492462814070351851e+04	4.333533335039996898e-38
1.500000000000000000e+04	4.361643574480590152e-38
